Thu May  7 06:27:53 2026
-0.1 -8.97798e-09
-0.075 -6.672593e-09
-0.05 -4.073113e-09
-0.02 -1.459328e-09
0.005 1.990316e-09
0.03 4.201434e-09
0.055 6.444356e-09
0.08 8.987364e-09
0.11 1.154598e-08
0.135 1.407395e-08
0.16 1.630948e-08
0.185 1.853986e-08
0.21 2.076932e-08
0.24 2.365937e-08
0.265 2.588171e-08
0.29 2.842093e-08
0.315 3.061036e-08
0.34 3.288694e-08
0.37 3.574697e-08
0.395 3.794488e-08
0.42 4.01879e-08
0.445 4.272028e-08
0.47 4.491234e-08
0.5 4.750682e-08
0.525 5.001726e-08
0.55 5.224485e-08
0.575 5.446341e-08
0.6 5.702899e-08
0.63 5.961786e-08
0.655 6.177063e-08
0.68 6.43199e-08
0.705 6.659392e-08
0.73 6.877888e-08
0.76 7.168487e-08
0.785 7.389679e-08
0.81 7.611959e-08
0.835 7.86166e-08
0.86 8.089604e-08
0.89 8.374936e-08
0.915 8.59198e-08
0.94 8.818628e-08
0.965 9.041477e-08
0.99 9.296207e-08
1.02 9.552186e-08
1.045 9.814189e-08
1.07 1.003196e-07
1.095 1.025839e-07
1.12 1.047789e-07
1.15 1.076513e-07
1.175 1.099132e-07
1.175 1.098553e-07
1.15 1.075674e-07
1.12 1.04677e-07
1.095 1.024024e-07
1.07 1.001199e-07
1.045 9.785907e-08
1.02 9.519682e-08
0.99 9.265425e-08
0.965 9.010284e-08
0.94 8.783291e-08
0.915 8.554833e-08
0.89 8.335041e-08
0.86 8.04155e-08
0.835 7.816598e-08
0.81 7.562984e-08
0.785 7.337511e-08
0.76 7.106139e-08
0.73 6.824052e-08
0.705 6.596692e-08
0.68 6.369244e-08
0.655 6.11668e-08
0.63 5.894399e-08
0.6 5.63524e-08
0.575 5.379061e-08
0.55 5.157175e-08
0.525 4.935606e-08
0.5 4.675987e-08
0.47 4.423741e-08
0.445 4.203318e-08
0.42 3.943779e-08
0.395 3.722627e-08
0.37 3.499827e-08
0.34 3.210697e-08
0.315 2.991187e-08
0.29 2.768277e-08
0.265 2.509294e-08
0.24 2.286434e-08
0.21 2.003035e-08
0.185 1.77919e-08
0.16 1.555115e-08
0.135 1.334345e-08
0.11 1.080793e-08
0.08 8.249155e-09
0.055 5.715672e-09
0.03 3.487509e-09
0.005 1.274711e-09
-0.02 -2.193452e-09
-0.05 -4.672484e-09
-0.075 -7.207787e-09
-0.1 -9.44782e-09
