Thu May  7 00:45:40 2026
-0.1 -4.912326e-09
-0.075 -3.628875e-09
-0.05 -2.260033e-09
-0.02 -7.98307e-10
0.005 1.131346e-09
0.03 2.313827e-09
0.055 3.560013e-09
0.08 4.94717e-09
0.11 6.375144e-09
0.135 7.772903e-09
0.16 8.975418e-09
0.185 1.023275e-08
0.21 1.146581e-08
0.24 1.304897e-08
0.265 1.420943e-08
0.29 1.568652e-08
0.315 1.688909e-08
0.34 1.810039e-08
0.37 1.969733e-08
0.395 2.093879e-08
0.42 2.213532e-08
0.445 2.351776e-08
0.47 2.47687e-08
0.5 2.613752e-08
0.525 2.754716e-08
0.55 2.877498e-08
0.575 2.996656e-08
0.6 3.141139e-08
0.63 3.27822e-08
0.655 3.400486e-08
0.68 3.543387e-08
0.705 3.666797e-08
0.73 3.786034e-08
0.76 3.948224e-08
0.785 4.070548e-08
0.81 4.186373e-08
0.835 4.328359e-08
0.86 4.449512e-08
0.89 4.605563e-08
0.915 4.729174e-08
0.94 4.856163e-08
0.965 4.976296e-08
0.99 5.112609e-08
1.02 5.251645e-08
1.045 5.393738e-08
1.07 5.516341e-08
1.095 5.641464e-08
1.12 5.764597e-08
1.15 5.920679e-08
1.175 6.04462e-08
1.175 6.038627e-08
1.15 5.911971e-08
1.12 5.753489e-08
1.095 5.621751e-08
1.07 5.494703e-08
1.045 5.377965e-08
1.02 5.229082e-08
0.99 5.089244e-08
0.965 4.955981e-08
0.94 4.825253e-08
0.915 4.702062e-08
0.89 4.579398e-08
0.86 4.414545e-08
0.835 4.295889e-08
0.81 4.153906e-08
0.785 4.028515e-08
0.76 3.905312e-08
0.73 3.748432e-08
0.705 3.621662e-08
0.68 3.49549e-08
0.655 3.357418e-08
0.63 3.234744e-08
0.6 3.089571e-08
0.575 2.948907e-08
0.55 2.829637e-08
0.525 2.707056e-08
0.5 2.565677e-08
0.47 2.423072e-08
0.445 2.304636e-08
0.42 2.166915e-08
0.395 2.038223e-08
0.37 1.91991e-08
0.34 1.761213e-08
0.315 1.640013e-08
0.29 1.515187e-08
0.265 1.379337e-08
0.24 1.25338e-08
0.21 1.096899e-08
0.185 9.761123e-09
0.16 8.542787e-09
0.135 7.336503e-09
0.11 5.936807e-09
0.08 4.558527e-09
0.055 3.16489e-09
0.03 1.947104e-09
0.005 7.10928e-10
-0.02 -1.162212e-09
-0.05 -2.511191e-09
-0.075 -3.952628e-09
-0.1 -5.139874e-09
