Thu May  7 03:20:41 2026
-0.1 -2.671962e-09
-0.075 -1.918898e-09
-0.05 -1.109148e-09
-0.02 -1.946472e-10
0.005 9.836918e-10
0.03 1.671822e-09
0.055 2.403126e-09
0.08 3.262228e-09
0.11 4.125491e-09
0.135 4.936841e-09
0.16 5.63047e-09
0.185 6.422885e-09
0.21 7.150399e-09
0.24 8.116003e-09
0.265 8.821806e-09
0.29 9.681667e-09
0.315 1.043669e-08
0.34 1.111831e-08
0.37 1.21045e-08
0.395 1.288196e-08
0.42 1.354383e-08
0.445 1.436261e-08
0.47 1.512439e-08
0.5 1.598413e-08
0.525 1.675998e-08
0.55 1.75265e-08
0.575 1.824061e-08
0.6 1.911884e-08
0.63 1.997732e-08
0.655 2.067617e-08
0.68 2.151334e-08
0.705 2.229074e-08
0.73 2.298283e-08
0.76 2.39712e-08
0.785 2.467302e-08
0.81 2.539501e-08
0.835 2.61971e-08
0.86 2.697268e-08
0.89 2.788133e-08
0.915 2.864481e-08
0.94 2.939163e-08
0.965 3.014273e-08
0.99 3.095293e-08
1.02 3.181561e-08
1.045 3.267466e-08
1.07 3.335324e-08
1.095 3.414324e-08
1.12 3.485637e-08
1.15 3.579041e-08
1.175 3.655017e-08
1.175 3.653344e-08
1.15 3.570656e-08
1.12 3.480649e-08
1.095 3.40378e-08
1.07 3.325669e-08
1.045 3.253716e-08
1.02 3.169705e-08
0.99 3.081319e-08
0.965 2.994502e-08
0.94 2.923643e-08
0.915 2.848088e-08
0.89 2.770447e-08
0.86 2.680365e-08
0.835 2.607338e-08
0.81 2.513831e-08
0.785 2.443161e-08
0.76 2.367408e-08
0.73 2.270043e-08
0.705 2.200242e-08
0.68 2.124485e-08
0.655 2.035421e-08
0.63 1.966803e-08
0.6 1.881091e-08
0.575 1.797467e-08
0.55 1.720895e-08
0.525 1.645925e-08
0.5 1.565611e-08
0.47 1.480234e-08
0.445 1.406056e-08
0.42 1.322761e-08
0.395 1.251881e-08
0.37 1.176235e-08
0.34 1.080125e-08
0.315 1.00877e-08
0.29 9.374824e-09
0.265 8.492287e-09
0.24 7.764261e-09
0.21 6.855338e-09
0.185 6.110905e-09
0.16 5.364198e-09
0.135 4.65389e-09
0.11 3.827779e-09
0.08 2.962408e-09
0.055 2.115975e-09
0.03 1.415347e-09
0.005 6.787393e-10
-0.02 -4.65588e-10
-0.05 -1.313047e-09
-0.075 -2.107017e-09
-0.1 -2.866098e-09
