Wed May  6 22:48:18 2026
-0.1 -7.381523e-09
-0.075 -5.632697e-09
-0.05 -3.670538e-09
-0.02 -1.741971e-09
0.005 8.692341e-10
0.03 2.536935e-09
0.055 4.234309e-09
0.08 6.151292e-09
0.11 8.062927e-09
0.135 9.987572e-09
0.16 1.164651e-08
0.185 1.332072e-08
0.21 1.499541e-08
0.24 1.71456e-08
0.265 1.881926e-08
0.29 2.07205e-08
0.315 2.242289e-08
0.34 2.406678e-08
0.37 2.623056e-08
0.395 2.790566e-08
0.42 2.954102e-08
0.445 3.146843e-08
0.47 3.311148e-08
0.5 3.499116e-08
0.525 3.692826e-08
0.55 3.860247e-08
0.575 4.02146e-08
0.6 4.215581e-08
0.63 4.404187e-08
0.655 4.573127e-08
0.68 4.760744e-08
0.705 4.928499e-08
0.73 5.094083e-08
0.76 5.309182e-08
0.785 5.470404e-08
0.81 5.640646e-08
0.835 5.831263e-08
0.86 5.99054e-08
0.89 6.210524e-08
0.915 6.375458e-08
0.94 6.542483e-08
0.965 6.709994e-08
0.99 6.899577e-08
1.02 7.0917e-08
1.045 7.280175e-08
1.07 7.44923e-08
1.095 7.612815e-08
1.12 7.778365e-08
1.15 7.994414e-08
1.175 8.160414e-08
1.175 8.158955e-08
1.15 7.98203e-08
1.12 7.762253e-08
1.095 7.58927e-08
1.07 7.422144e-08
1.045 7.25142e-08
1.02 7.05577e-08
0.99 6.858826e-08
0.965 6.664258e-08
0.94 6.494369e-08
0.915 6.326895e-08
0.89 6.158174e-08
0.86 5.941711e-08
0.835 5.77203e-08
0.81 5.582458e-08
0.785 5.412812e-08
0.76 5.24482e-08
0.73 5.026787e-08
0.705 4.856746e-08
0.68 4.690138e-08
0.655 4.502119e-08
0.63 4.334476e-08
0.6 4.139633e-08
0.575 3.946481e-08
0.55 3.781186e-08
0.525 3.61403e-08
0.5 3.420923e-08
0.47 3.227417e-08
0.445 3.068928e-08
0.42 2.872675e-08
0.395 2.708913e-08
0.37 2.544493e-08
0.34 2.326885e-08
0.315 2.161468e-08
0.29 1.996816e-08
0.265 1.805356e-08
0.24 1.639366e-08
0.21 1.425379e-08
0.185 1.259046e-08
0.16 1.095228e-08
0.135 9.308821e-09
0.11 7.396728e-09
0.08 5.489245e-09
0.055 3.593009e-09
0.03 1.938056e-09
0.005 2.849982e-10
-0.02 -2.301989e-09
-0.05 -4.189612e-09
-0.075 -6.076012e-09
-0.1 -7.721725e-09
