Wed May  6 20:48:45 2026
-0.1 -2.594516e-08
-0.075 -1.96756e-08
-0.05 -1.268167e-08
-0.02 -5.616058e-09
0.005 3.999533e-09
0.03 1.009839e-08
0.055 1.621323e-08
0.08 2.32715e-08
0.11 3.019349e-08
0.135 3.718334e-08
0.16 4.338166e-08
0.185 4.941846e-08
0.21 5.552755e-08
0.24 6.345121e-08
0.265 6.955333e-08
0.29 7.652898e-08
0.315 8.261501e-08
0.34 8.871502e-08
0.37 9.657088e-08
0.395 1.026213e-07
0.42 1.087284e-07
0.445 1.156809e-07
0.47 1.218677e-07
0.5 1.287704e-07
0.525 1.357412e-07
0.55 1.418561e-07
0.575 1.479625e-07
0.6 1.550469e-07
0.63 1.61959e-07
0.655 1.680956e-07
0.68 1.751029e-07
0.705 1.811383e-07
0.73 1.867696e-07
0.76 1.948769e-07
0.785 2.00837e-07
0.81 2.069118e-07
0.835 2.138457e-07
0.86 2.200295e-07
0.89 2.279029e-07
0.915 2.339803e-07
0.94 2.401844e-07
0.965 2.461855e-07
0.99 2.53165e-07
1.02 2.601368e-07
1.045 2.67363e-07
1.07 2.733421e-07
1.095 2.795418e-07
1.12 2.856556e-07
1.15 2.935032e-07
1.175 2.995749e-07
1.175 2.995587e-07
1.15 2.932178e-07
1.12 2.852417e-07
1.095 2.790401e-07
1.07 2.728111e-07
1.045 2.666369e-07
1.02 2.595506e-07
0.99 2.524484e-07
0.965 2.45358e-07
0.94 2.392806e-07
0.915 2.330427e-07
0.89 2.269144e-07
0.86 2.190015e-07
0.835 2.129192e-07
0.81 2.058406e-07
0.785 1.997517e-07
0.76 1.936141e-07
0.73 1.856708e-07
0.705 1.795306e-07
0.68 1.73419e-07
0.655 1.664098e-07
0.63 1.603397e-07
0.6 1.533048e-07
0.575 1.462596e-07
0.55 1.402267e-07
0.525 1.341895e-07
0.5 1.271373e-07
0.47 1.201723e-07
0.445 1.140601e-07
0.42 1.071324e-07
0.395 1.010316e-07
0.37 9.495522e-08
0.34 8.71905e-08
0.315 8.109257e-08
0.29 7.503474e-08
0.265 6.79848e-08
0.24 6.193091e-08
0.21 5.415929e-08
0.185 4.808001e-08
0.16 4.202763e-08
0.135 3.608455e-08
0.11 2.910398e-08
0.08 2.219209e-08
0.055 1.530261e-08
0.03 9.221831e-09
0.005 3.214876e-09
-0.02 -6.336593e-09
-0.05 -1.329429e-08
-0.075 -2.019593e-08
-0.1 -2.625045e-08
