Thu May  7 03:59:26 2026
-0.1 -2.530005e-09
-0.075 -1.768566e-09
-0.05 -1.003132e-09
-0.02 -2.501983e-10
0.005 8.411223e-10
0.03 1.537499e-09
0.055 2.216538e-09
0.08 2.958525e-09
0.11 3.739188e-09
0.135 4.552591e-09
0.16 5.207299e-09
0.185 5.887485e-09
0.21 6.585206e-09
0.24 7.471652e-09
0.265 8.126451e-09
0.29 8.930634e-09
0.315 9.616705e-09
0.34 1.027133e-08
0.37 1.114736e-08
0.395 1.185075e-08
0.42 1.249168e-08
0.445 1.323379e-08
0.47 1.395259e-08
0.5 1.470248e-08
0.525 1.54884e-08
0.55 1.61783e-08
0.575 1.683905e-08
0.6 1.76684e-08
0.63 1.844707e-08
0.655 1.911913e-08
0.68 1.98733e-08
0.705 2.057311e-08
0.73 2.11852e-08
0.76 2.211288e-08
0.785 2.280021e-08
0.81 2.343369e-08
0.835 2.424913e-08
0.86 2.493933e-08
0.89 2.579156e-08
0.915 2.64918e-08
0.94 2.715948e-08
0.965 2.781477e-08
0.99 2.859994e-08
1.02 2.939441e-08
1.045 3.01749e-08
1.07 3.08282e-08
1.095 3.153799e-08
1.12 3.220025e-08
1.15 3.306396e-08
1.175 3.377028e-08
1.175 3.37345e-08
1.15 3.299705e-08
1.12 3.211803e-08
1.095 3.145664e-08
1.07 3.074092e-08
1.045 3.006952e-08
1.02 2.923667e-08
0.99 2.843552e-08
0.965 2.766985e-08
0.94 2.695042e-08
0.915 2.626077e-08
0.89 2.55907e-08
0.86 2.471887e-08
0.835 2.402921e-08
0.81 2.323715e-08
0.785 2.256586e-08
0.76 2.183673e-08
0.73 2.098897e-08
0.705 2.034722e-08
0.68 1.964295e-08
0.655 1.883852e-08
0.63 1.814441e-08
0.6 1.734329e-08
0.575 1.657639e-08
0.55 1.588858e-08
0.525 1.520336e-08
0.5 1.442641e-08
0.47 1.364274e-08
0.445 1.298191e-08
0.42 1.218134e-08
0.395 1.15073e-08
0.37 1.082456e-08
0.34 9.945893e-09
0.315 9.267444e-09
0.29 8.586853e-09
0.265 7.785694e-09
0.24 7.114692e-09
0.21 6.271251e-09
0.185 5.600211e-09
0.16 4.887926e-09
0.135 4.223526e-09
0.11 3.433273e-09
0.08 2.671715e-09
0.055 1.894126e-09
0.03 1.237514e-09
0.005 5.642807e-10
-0.02 -4.939942e-10
-0.05 -1.265278e-09
-0.075 -2.048681e-09
-0.1 -2.713491e-09
