Thu May  7 09:02:54 2026
-0.1 -5.096878e-09
-0.075 -3.84347e-09
-0.05 -2.280613e-09
-0.02 -8.04454e-10
0.005 1.168799e-09
0.03 2.476175e-09
0.055 3.819314e-09
0.08 5.24195e-09
0.11 6.655327e-09
0.135 8.208151e-09
0.16 9.469954e-09
0.185 1.069242e-08
0.21 1.205024e-08
0.24 1.367953e-08
0.265 1.488784e-08
0.29 1.645167e-08
0.315 1.771232e-08
0.34 1.890113e-08
0.37 2.066468e-08
0.395 2.193414e-08
0.42 2.31611e-08
0.445 2.4741e-08
0.47 2.593228e-08
0.5 2.74574e-08
0.525 2.896287e-08
0.55 3.014028e-08
0.575 3.140373e-08
0.6 3.282061e-08
0.63 3.440367e-08
0.655 3.56614e-08
0.68 3.705521e-08
0.705 3.84367e-08
0.73 3.966854e-08
0.76 4.130107e-08
0.785 4.271311e-08
0.81 4.386557e-08
0.835 4.534463e-08
0.86 4.666557e-08
0.89 4.819475e-08
0.915 4.958025e-08
0.94 5.083857e-08
0.965 5.203528e-08
0.99 5.361781e-08
1.02 5.507954e-08
1.045 5.64845e-08
1.07 5.791556e-08
1.095 5.90817e-08
1.12 6.040835e-08
1.15 6.206522e-08
1.175 6.321684e-08
1.175 6.334941e-08
1.15 6.193885e-08
1.12 6.028313e-08
1.095 5.904372e-08
1.07 5.756463e-08
1.045 5.633771e-08
1.02 5.479394e-08
0.99 5.323785e-08
0.965 5.188199e-08
0.94 5.051823e-08
0.915 4.923496e-08
0.89 4.806697e-08
0.86 4.627388e-08
0.835 4.49786e-08
0.81 4.350137e-08
0.785 4.211423e-08
0.76 4.091033e-08
0.73 3.925605e-08
0.705 3.783386e-08
0.68 3.668762e-08
0.655 3.517319e-08
0.63 3.391884e-08
0.6 3.255269e-08
0.575 3.09542e-08
0.55 2.966197e-08
0.525 2.828293e-08
0.5 2.696737e-08
0.47 2.542888e-08
0.445 2.410416e-08
0.42 2.277356e-08
0.395 2.139964e-08
0.37 2.015394e-08
0.34 1.862085e-08
0.315 1.716669e-08
0.29 1.592765e-08
0.265 1.451989e-08
0.24 1.305166e-08
0.21 1.150746e-08
0.185 1.017564e-08
0.16 8.797308e-09
0.135 7.709839e-09
0.11 6.189925e-09
0.08 4.629815e-09
0.055 3.28461e-09
0.03 1.964739e-09
0.005 5.746331e-10
-0.02 -1.261788e-09
-0.05 -2.608201e-09
-0.075 -4.198622e-09
-0.1 -5.489439e-09
