Thu May  7 00:00:21 2026
-0.1 -4.130527e-08
-0.075 -3.099449e-08
-0.05 -1.953382e-08
-0.02 -7.937494e-09
0.005 7.561666e-09
0.03 1.765329e-08
0.055 2.777005e-08
0.08 3.923699e-08
0.11 5.069784e-08
0.135 6.2311e-08
0.16 7.241395e-08
0.185 8.244466e-08
0.21 9.250238e-08
0.24 1.05502e-07
0.265 1.156085e-07
0.29 1.271166e-07
0.315 1.372326e-07
0.34 1.473659e-07
0.37 1.602399e-07
0.395 1.703148e-07
0.42 1.804192e-07
0.445 1.919868e-07
0.47 2.020007e-07
0.5 2.135322e-07
0.525 2.251702e-07
0.55 2.352381e-07
0.575 2.454107e-07
0.6 2.568851e-07
0.63 2.684241e-07
0.655 2.785788e-07
0.68 2.900761e-07
0.705 3.001304e-07
0.73 3.102483e-07
0.76 3.232772e-07
0.785 3.33357e-07
0.81 3.434724e-07
0.835 3.54928e-07
0.86 3.650129e-07
0.89 3.779217e-07
0.915 3.881329e-07
0.94 3.982339e-07
0.965 4.083122e-07
0.99 4.198656e-07
1.02 4.314281e-07
1.045 4.430534e-07
1.07 4.531061e-07
1.095 4.632393e-07
1.12 4.733006e-07
1.15 4.863282e-07
1.175 4.964114e-07
1.175 4.963161e-07
1.15 4.861304e-07
1.12 4.729552e-07
1.095 4.62872e-07
1.07 4.526946e-07
1.045 4.425424e-07
1.02 4.308209e-07
0.99 4.19241e-07
0.965 4.075474e-07
0.94 3.97468e-07
0.915 3.873461e-07
0.89 3.771871e-07
0.86 3.641283e-07
0.835 3.540476e-07
0.81 3.424333e-07
0.785 3.323073e-07
0.76 3.221451e-07
0.73 3.091078e-07
0.705 2.990313e-07
0.68 2.888609e-07
0.655 2.772624e-07
0.63 2.671598e-07
0.6 2.556247e-07
0.575 2.439486e-07
0.55 2.338324e-07
0.525 2.237442e-07
0.5 2.121861e-07
0.47 2.006503e-07
0.445 1.906222e-07
0.42 1.790418e-07
0.395 1.689114e-07
0.37 1.587647e-07
0.34 1.458306e-07
0.315 1.357604e-07
0.29 1.256541e-07
0.265 1.141557e-07
0.24 1.040761e-07
0.21 9.112042e-08
0.185 8.105376e-08
0.16 7.106465e-08
0.135 6.099577e-08
0.11 4.953714e-08
0.08 3.807773e-08
0.055 2.657331e-08
0.03 1.648985e-08
0.005 6.465545e-09
-0.02 -9.027826e-09
-0.05 -2.055109e-08
-0.075 -3.207052e-08
-0.1 -4.206885e-08
