Wed May  6 22:07:22 2026
-0.1 -1.296069e-08
-0.075 -9.53598e-09
-0.05 -5.844157e-09
-0.02 -2.205862e-09
0.005 2.776662e-09
0.03 5.9495e-09
0.055 9.152948e-09
0.08 1.27654e-08
0.11 1.635535e-08
0.135 2.006534e-08
0.16 2.315974e-08
0.185 2.676077e-08
0.21 2.94487e-08
0.24 3.352824e-08
0.265 3.663219e-08
0.29 4.026452e-08
0.315 4.353027e-08
0.34 4.668162e-08
0.37 5.075518e-08
0.395 5.385714e-08
0.42 5.748755e-08
0.445 6.063608e-08
0.47 6.378394e-08
0.5 6.748999e-08
0.525 7.101967e-08
0.55 7.418764e-08
0.575 7.74335e-08
0.6 8.104406e-08
0.63 8.471621e-08
0.655 8.789517e-08
0.68 9.142926e-08
0.705 9.458655e-08
0.73 9.77827e-08
0.76 1.018416e-07
0.785 1.050749e-07
0.81 1.081761e-07
0.835 1.123511e-07
0.86 1.149579e-07
0.89 1.192138e-07
0.915 1.22231e-07
0.94 1.254404e-07
0.965 1.288776e-07
0.99 1.327197e-07
1.02 1.370117e-07
1.045 1.396685e-07
1.07 1.429434e-07
1.095 1.457352e-07
1.12 1.489133e-07
1.15 1.53085e-07
1.175 1.561708e-07
1.175 1.560232e-07
1.15 1.525922e-07
1.12 1.483376e-07
1.095 1.45008e-07
1.07 1.419992e-07
1.045 1.384921e-07
1.02 1.346814e-07
0.99 1.314801e-07
0.965 1.286184e-07
0.94 1.238967e-07
0.915 1.209194e-07
0.89 1.174981e-07
0.86 1.133507e-07
0.835 1.10175e-07
0.81 1.063864e-07
0.785 1.032545e-07
0.76 9.997293e-08
0.73 9.57701e-08
0.705 9.268984e-08
0.68 8.959493e-08
0.655 8.571551e-08
0.63 8.27209e-08
0.6 7.903036e-08
0.575 7.532334e-08
0.55 7.248134e-08
0.525 6.908886e-08
0.5 6.537888e-08
0.47 6.177778e-08
0.445 5.880955e-08
0.42 5.494529e-08
0.395 5.186022e-08
0.37 4.873627e-08
0.34 4.464368e-08
0.315 4.154687e-08
0.29 3.847277e-08
0.265 3.485519e-08
0.24 3.169082e-08
0.21 2.768807e-08
0.185 2.474011e-08
0.16 2.148532e-08
0.135 1.836452e-08
0.11 1.478232e-08
0.08 1.121349e-08
0.055 7.619685e-09
0.03 4.567061e-09
0.005 1.440673e-09
-0.02 -3.564522e-09
-0.05 -7.124874e-09
-0.075 -1.066721e-08
-0.1 -1.379003e-08
