Thu May  7 03:53:58 2026
-0.1 -9.5932e-09
-0.075 -7.152029e-09
-0.05 -4.499814e-09
-0.02 -1.832621e-09
0.005 1.787117e-09
0.03 4.15267e-09
0.055 6.450301e-09
0.08 9.106826e-09
0.11 1.182882e-08
0.135 1.45079e-08
0.16 1.680206e-08
0.185 1.908085e-08
0.21 2.145116e-08
0.24 2.444319e-08
0.265 2.674516e-08
0.29 2.944135e-08
0.315 3.178878e-08
0.34 3.405766e-08
0.37 3.703989e-08
0.395 3.939125e-08
0.42 4.165869e-08
0.445 4.432324e-08
0.47 4.665751e-08
0.5 4.933126e-08
0.525 5.194039e-08
0.55 5.427767e-08
0.575 5.656468e-08
0.6 5.924571e-08
0.63 6.188088e-08
0.655 6.420673e-08
0.68 6.687332e-08
0.705 6.920916e-08
0.73 7.150908e-08
0.76 7.449777e-08
0.785 7.681037e-08
0.81 7.9107e-08
0.835 8.173065e-08
0.86 8.404527e-08
0.89 8.705675e-08
0.915 8.934461e-08
0.94 9.164525e-08
0.965 9.395819e-08
0.99 9.663754e-08
1.02 9.92565e-08
1.045 1.019231e-07
1.07 1.042525e-07
1.095 1.065477e-07
1.12 1.088772e-07
1.15 1.118778e-07
1.175 1.142191e-07
1.175 1.14109e-07
1.15 1.11712e-07
1.12 1.087359e-07
1.095 1.063901e-07
1.07 1.040493e-07
1.045 1.016598e-07
1.02 9.895334e-08
0.99 9.626696e-08
0.965 9.36212e-08
0.94 9.126802e-08
0.915 8.893243e-08
0.89 8.661088e-08
0.86 8.361256e-08
0.835 8.124813e-08
0.81 7.858569e-08
0.785 7.625286e-08
0.76 7.394766e-08
0.73 7.094868e-08
0.705 6.862548e-08
0.68 6.630512e-08
0.655 6.364294e-08
0.63 6.131873e-08
0.6 5.864113e-08
0.575 5.597028e-08
0.55 5.366047e-08
0.525 5.133697e-08
0.5 4.864762e-08
0.47 4.601211e-08
0.445 4.368842e-08
0.42 4.104238e-08
0.395 3.872421e-08
0.37 3.6379e-08
0.34 3.341479e-08
0.315 3.111871e-08
0.29 2.879163e-08
0.265 2.615542e-08
0.24 2.383448e-08
0.21 2.085697e-08
0.185 1.853676e-08
0.16 1.624625e-08
0.135 1.392979e-08
0.11 1.127137e-08
0.08 8.617906e-09
0.055 5.975181e-09
0.03 3.671784e-09
0.005 1.369476e-09
-0.02 -2.234823e-09
-0.05 -4.868521e-09
-0.075 -7.508451e-09
-0.1 -9.789469e-09
