Wed May  6 22:11:44 2026
-0.1 -1.713604e-08
-0.075 -1.294374e-08
-0.05 -8.209991e-09
-0.02 -3.494957e-09
0.005 2.927433e-09
0.03 7.037941e-09
0.055 1.110583e-08
0.08 1.581951e-08
0.11 2.054022e-08
0.135 2.520702e-08
0.16 2.93303e-08
0.185 3.341265e-08
0.21 3.750266e-08
0.24 4.282167e-08
0.265 4.688233e-08
0.29 5.157566e-08
0.315 5.567385e-08
0.34 5.976023e-08
0.37 6.506311e-08
0.395 6.913774e-08
0.42 7.327733e-08
0.445 7.790376e-08
0.47 8.198023e-08
0.5 8.672231e-08
0.525 9.146993e-08
0.55 9.543503e-08
0.575 9.954358e-08
0.6 1.042502e-07
0.63 1.090332e-07
0.655 1.131289e-07
0.68 1.177989e-07
0.705 1.218784e-07
0.73 1.259879e-07
0.76 1.312463e-07
0.785 1.352731e-07
0.81 1.394246e-07
0.835 1.440806e-07
0.86 1.481685e-07
0.89 1.5342e-07
0.915 1.575851e-07
0.94 1.615873e-07
0.965 1.656706e-07
0.99 1.702741e-07
1.02 1.74971e-07
1.045 1.796229e-07
1.07 1.838811e-07
1.095 1.878202e-07
1.12 1.918319e-07
1.15 1.970673e-07
1.175 2.013542e-07
1.175 2.01093e-07
1.15 1.969583e-07
1.12 1.915215e-07
1.095 1.873679e-07
1.07 1.831756e-07
1.045 1.789714e-07
1.02 1.742374e-07
0.99 1.694044e-07
0.965 1.647317e-07
0.94 1.605909e-07
0.915 1.564911e-07
0.89 1.523783e-07
0.86 1.470435e-07
0.835 1.430239e-07
0.81 1.382587e-07
0.785 1.341752e-07
0.76 1.300528e-07
0.73 1.247428e-07
0.705 1.205934e-07
0.68 1.164962e-07
0.655 1.118023e-07
0.63 1.07702e-07
0.6 1.030031e-07
0.575 9.826915e-08
0.55 9.421773e-08
0.525 9.015765e-08
0.5 8.545688e-08
0.47 8.080969e-08
0.445 7.674222e-08
0.42 7.204417e-08
0.395 6.798389e-08
0.37 6.390343e-08
0.34 5.865513e-08
0.315 5.461303e-08
0.29 5.05556e-08
0.265 4.587429e-08
0.24 4.181782e-08
0.21 3.657553e-08
0.185 3.254208e-08
0.16 2.848e-08
0.135 2.442865e-08
0.11 1.982245e-08
0.08 1.516575e-08
0.055 1.056065e-08
0.03 6.507743e-09
0.005 2.472592e-09
-0.02 -3.852552e-09
-0.05 -8.438424e-09
-0.075 -1.306087e-08
-0.1 -1.711421e-08
