Wed May  6 22:49:24 2026
-0.1 -9.039775e-09
-0.075 -6.92095e-09
-0.05 -4.524015e-09
-0.02 -2.156168e-09
0.005 1.050302e-09
0.03 3.096555e-09
0.055 5.139061e-09
0.08 7.530291e-09
0.11 9.903502e-09
0.135 1.22488e-08
0.16 1.427974e-08
0.185 1.636223e-08
0.21 1.843225e-08
0.24 2.10714e-08
0.265 2.315008e-08
0.29 2.5501e-08
0.315 2.755876e-08
0.34 2.963485e-08
0.37 3.229627e-08
0.395 3.431669e-08
0.42 3.6364e-08
0.445 3.872539e-08
0.47 4.074408e-08
0.5 4.30863e-08
0.525 4.54649e-08
0.55 4.750143e-08
0.575 4.955966e-08
0.6 5.194071e-08
0.63 5.424713e-08
0.655 5.630828e-08
0.68 5.866607e-08
0.705 6.071069e-08
0.73 6.280239e-08
0.76 6.540703e-08
0.785 6.746337e-08
0.81 6.95135e-08
0.835 7.186456e-08
0.86 7.388186e-08
0.89 7.657109e-08
0.915 7.856199e-08
0.94 8.063571e-08
0.965 8.269748e-08
0.99 8.500728e-08
1.02 8.738476e-08
1.045 8.975704e-08
1.07 9.180091e-08
1.095 9.38448e-08
1.12 9.586488e-08
1.15 9.848529e-08
1.175 1.005843e-07
1.175 1.005253e-07
1.15 9.840912e-08
1.12 9.571629e-08
1.095 9.3617e-08
1.07 9.149424e-08
1.045 8.939464e-08
1.02 8.704527e-08
0.99 8.467423e-08
0.965 8.231525e-08
0.94 8.024107e-08
0.915 7.813544e-08
0.89 7.605392e-08
0.86 7.34134e-08
0.835 7.131867e-08
0.81 6.896797e-08
0.785 6.690704e-08
0.76 6.483754e-08
0.73 6.215536e-08
0.705 6.012701e-08
0.68 5.805077e-08
0.655 5.567251e-08
0.63 5.361536e-08
0.6 5.124866e-08
0.575 4.886736e-08
0.55 4.684015e-08
0.525 4.476611e-08
0.5 4.243175e-08
0.47 4.007689e-08
0.445 3.800294e-08
0.42 3.565136e-08
0.395 3.363303e-08
0.37 3.156272e-08
0.34 2.892551e-08
0.315 2.690849e-08
0.29 2.484716e-08
0.265 2.251085e-08
0.24 2.045368e-08
0.21 1.783012e-08
0.185 1.578096e-08
0.16 1.375092e-08
0.135 1.169524e-08
0.11 9.349643e-09
0.08 6.992927e-09
0.055 4.681276e-09
0.03 2.612637e-09
0.005 5.997544e-10
-0.02 -2.597213e-09
-0.05 -4.90476e-09
-0.075 -7.218103e-09
-0.1 -9.262526e-09
