Thu May  7 00:03:38 2026
-0.1 -8.229564e-09
-0.075 -5.944787e-09
-0.05 -3.597773e-09
-0.02 -1.243227e-09
0.005 2.026508e-09
0.03 4.080332e-09
0.055 6.147323e-09
0.08 8.514221e-09
0.11 1.088706e-08
0.135 1.324096e-08
0.16 1.523896e-08
0.185 1.735862e-08
0.21 1.942186e-08
0.24 2.202631e-08
0.265 2.411752e-08
0.29 2.645252e-08
0.315 2.847796e-08
0.34 3.059238e-08
0.37 3.321602e-08
0.395 3.523573e-08
0.42 3.730248e-08
0.445 3.965836e-08
0.47 4.16817e-08
0.5 4.409926e-08
0.525 4.643958e-08
0.55 4.848794e-08
0.575 5.053532e-08
0.6 5.2878e-08
0.63 5.532534e-08
0.655 5.730183e-08
0.68 5.969725e-08
0.705 6.178498e-08
0.73 6.379381e-08
0.76 6.654302e-08
0.785 6.85083e-08
0.81 7.056084e-08
0.835 7.286116e-08
0.86 7.495231e-08
0.89 7.756778e-08
0.915 7.957556e-08
0.94 8.182726e-08
0.965 8.37011e-08
0.99 8.599707e-08
1.02 8.841626e-08
1.045 9.077058e-08
1.07 9.274073e-08
1.095 9.482566e-08
1.12 9.683823e-08
1.15 9.943449e-08
1.175 1.014662e-07
1.175 1.013723e-07
1.15 9.907968e-08
1.12 9.636063e-08
1.095 9.421242e-08
1.07 9.197637e-08
1.045 8.98792e-08
1.02 8.743078e-08
0.99 8.489199e-08
0.965 8.254172e-08
0.94 8.041982e-08
0.915 7.825276e-08
0.89 7.612889e-08
0.86 7.345103e-08
0.835 7.132822e-08
0.81 6.891781e-08
0.785 6.691411e-08
0.76 6.477003e-08
0.73 6.210595e-08
0.705 6.00572e-08
0.68 5.79567e-08
0.655 5.552821e-08
0.63 5.352085e-08
0.6 5.116295e-08
0.575 4.882566e-08
0.55 4.671895e-08
0.525 4.464425e-08
0.5 4.232375e-08
0.47 3.995676e-08
0.445 3.789964e-08
0.42 3.560268e-08
0.395 3.359023e-08
0.37 3.14576e-08
0.34 2.887824e-08
0.315 2.688096e-08
0.29 2.481673e-08
0.265 2.251663e-08
0.24 2.050035e-08
0.21 1.785353e-08
0.185 1.585832e-08
0.16 1.386429e-08
0.135 1.184108e-08
0.11 9.520138e-09
0.08 7.233827e-09
0.055 4.918062e-09
0.03 2.918096e-09
0.005 9.382851e-10
-0.02 -2.228258e-09
-0.05 -4.505918e-09
-0.075 -6.841866e-09
-0.1 -8.854642e-09
