Wed May  6 22:10:39 2026
-0.1 -1.155934e-08
-0.075 -8.900466e-09
-0.05 -5.899751e-09
-0.02 -2.914784e-09
0.005 1.10029e-09
0.03 3.66732e-09
0.055 6.290187e-09
0.08 9.240016e-09
0.11 1.217856e-08
0.135 1.514695e-08
0.16 1.773799e-08
0.185 2.028376e-08
0.21 2.290084e-08
0.24 2.622724e-08
0.265 2.876958e-08
0.29 3.17572e-08
0.315 3.431083e-08
0.34 3.68583e-08
0.37 4.017344e-08
0.395 4.277824e-08
0.42 4.536236e-08
0.445 4.827533e-08
0.47 5.087738e-08
0.5 5.382591e-08
0.525 5.677083e-08
0.55 5.932277e-08
0.575 6.186471e-08
0.6 6.48249e-08
0.63 6.782695e-08
0.655 7.040099e-08
0.68 7.330794e-08
0.705 7.586937e-08
0.73 7.844793e-08
0.76 8.1735e-08
0.785 8.428768e-08
0.81 8.6902e-08
0.835 8.978834e-08
0.86 9.233612e-08
0.89 9.570951e-08
0.915 9.821325e-08
0.94 1.008123e-07
0.965 1.033775e-07
0.99 1.062909e-07
1.02 1.092019e-07
1.045 1.122146e-07
1.07 1.147846e-07
1.095 1.173188e-07
1.12 1.198426e-07
1.15 1.231757e-07
1.175 1.25715e-07
1.175 1.256511e-07
1.15 1.229812e-07
1.12 1.195645e-07
1.095 1.169907e-07
1.07 1.14363e-07
1.045 1.117993e-07
1.02 1.08727e-07
0.99 1.057994e-07
0.965 1.027698e-07
0.94 1.001878e-07
0.915 9.76032e-08
0.89 9.495287e-08
0.86 9.161721e-08
0.835 8.907496e-08
0.81 8.609536e-08
0.785 8.349544e-08
0.76 8.088085e-08
0.73 7.762946e-08
0.705 7.500365e-08
0.68 7.244651e-08
0.655 6.947903e-08
0.63 6.689987e-08
0.6 6.392602e-08
0.575 6.097254e-08
0.55 5.837413e-08
0.525 5.582487e-08
0.5 5.28816e-08
0.47 4.996427e-08
0.445 4.73705e-08
0.42 4.444471e-08
0.395 4.190159e-08
0.37 3.934078e-08
0.34 3.602961e-08
0.315 3.350103e-08
0.29 3.091207e-08
0.265 2.795679e-08
0.24 2.541023e-08
0.21 2.21111e-08
0.185 1.954502e-08
0.16 1.703322e-08
0.135 1.446538e-08
0.11 1.15382e-08
0.08 8.662135e-09
0.055 5.728599e-09
0.03 3.19422e-09
0.005 6.396876e-10
-0.02 -3.376744e-09
-0.05 -6.243248e-09
-0.075 -9.167954e-09
-0.1 -1.171163e-08
