Thu May  7 06:32:16 2026
-0.1 -2.951821e-09
-0.075 -2.013417e-09
-0.05 -1.205223e-09
-0.02 -3.708973e-10
0.005 8.787853e-10
0.03 1.658731e-09
0.055 2.376947e-09
0.08 3.199773e-09
0.11 4.110593e-09
0.135 4.951342e-09
0.16 5.679865e-09
0.185 6.393152e-09
0.21 7.187251e-09
0.24 8.143082e-09
0.265 8.858563e-09
0.29 9.655141e-09
0.315 1.046373e-08
0.34 1.123463e-08
0.37 1.213936e-08
0.395 1.285185e-08
0.42 1.362004e-08
0.445 1.444886e-08
0.47 1.514341e-08
0.5 1.603778e-08
0.525 1.689308e-08
0.55 1.757942e-08
0.575 1.836397e-08
0.6 1.91728e-08
0.63 2.007238e-08
0.655 2.080204e-08
0.68 2.161341e-08
0.705 2.237018e-08
0.73 2.313344e-08
0.76 2.406778e-08
0.785 2.477214e-08
0.81 2.55416e-08
0.835 2.640091e-08
0.86 2.705838e-08
0.89 2.807917e-08
0.915 2.885151e-08
0.94 2.954677e-08
0.965 3.030069e-08
0.99 3.117656e-08
1.02 3.199539e-08
1.045 3.278599e-08
1.07 3.358596e-08
1.095 3.430483e-08
1.12 3.503106e-08
1.15 3.604507e-08
1.175 3.674451e-08
1.175 3.668912e-08
1.15 3.594767e-08
1.12 3.494922e-08
1.095 3.41306e-08
1.07 3.341249e-08
1.045 3.260976e-08
1.02 3.170334e-08
0.99 3.086378e-08
0.965 2.99988e-08
0.94 2.923019e-08
0.915 2.849933e-08
0.89 2.777063e-08
0.86 2.679405e-08
0.835 2.60049e-08
0.81 2.519054e-08
0.785 2.439727e-08
0.76 2.360618e-08
0.73 2.26697e-08
0.705 2.19244e-08
0.68 2.11565e-08
0.655 2.029479e-08
0.63 1.957887e-08
0.6 1.867593e-08
0.575 1.784885e-08
0.55 1.706496e-08
0.525 1.634051e-08
0.5 1.551379e-08
0.47 1.46085e-08
0.445 1.384711e-08
0.42 1.303099e-08
0.395 1.226033e-08
0.37 1.145367e-08
0.34 1.056048e-08
0.315 9.901509e-09
0.29 9.095778e-09
0.265 8.172836e-09
0.24 7.496618e-09
0.21 6.5763e-09
0.185 5.786288e-09
0.16 4.979285e-09
0.135 4.311901e-09
0.11 3.482004e-09
0.08 2.601399e-09
0.055 1.705861e-09
0.03 1.024423e-09
0.005 3.514416e-10
-0.02 -8.723759e-10
-0.05 -1.777363e-09
-0.075 -2.533036e-09
-0.1 -3.297335e-09
