Wed May  6 19:35:37 2026
-0.1 -3.80392e-08
-0.075 -2.938544e-08
-0.05 -1.967372e-08
-0.02 -1.000691e-08
0.005 3.338282e-09
0.03 1.169695e-08
0.055 2.00832e-08
0.08 2.971395e-08
0.11 3.933701e-08
0.135 4.887862e-08
0.16 5.722641e-08
0.185 6.567743e-08
0.21 7.405399e-08
0.24 8.485512e-08
0.265 9.324958e-08
0.29 1.028424e-07
0.315 1.112548e-07
0.34 1.196157e-07
0.37 1.303094e-07
0.395 1.387187e-07
0.42 1.471012e-07
0.445 1.56719e-07
0.47 1.651141e-07
0.5 1.746618e-07
0.525 1.842421e-07
0.55 1.926014e-07
0.575 2.009896e-07
0.6 2.1056e-07
0.63 2.203601e-07
0.655 2.287261e-07
0.68 2.382496e-07
0.705 2.466841e-07
0.73 2.550819e-07
0.76 2.659779e-07
0.785 2.743315e-07
0.81 2.826079e-07
0.835 2.921053e-07
0.86 3.005501e-07
0.89 3.11385e-07
0.915 3.19871e-07
0.94 3.282913e-07
0.965 3.365932e-07
0.99 3.463059e-07
1.02 3.558229e-07
1.045 3.655663e-07
1.07 3.740033e-07
1.095 3.823701e-07
1.12 3.908127e-07
1.15 4.016458e-07
1.175 4.100489e-07
1.175 4.100594e-07
1.15 4.012616e-07
1.12 3.901822e-07
1.095 3.816818e-07
1.07 3.730962e-07
1.045 3.646181e-07
1.02 3.547986e-07
0.99 3.450564e-07
0.965 3.352251e-07
0.94 3.267635e-07
0.915 3.181932e-07
0.89 3.096938e-07
0.86 2.987325e-07
0.835 2.902405e-07
0.81 2.808649e-07
0.785 2.724456e-07
0.76 2.638678e-07
0.73 2.529776e-07
0.705 2.446245e-07
0.68 2.361089e-07
0.655 2.265628e-07
0.63 2.181096e-07
0.6 2.08464e-07
0.575 1.988687e-07
0.55 1.905091e-07
0.525 1.820815e-07
0.5 1.725215e-07
0.47 1.629331e-07
0.445 1.545683e-07
0.42 1.44928e-07
0.395 1.366676e-07
0.37 1.28268e-07
0.34 1.17595e-07
0.315 1.092475e-07
0.29 1.008741e-07
0.265 9.134788e-08
0.24 8.297739e-08
0.21 7.221788e-08
0.185 6.394141e-08
0.16 5.557999e-08
0.135 4.726333e-08
0.11 3.777214e-08
0.08 2.829642e-08
0.055 1.880542e-08
0.03 1.053975e-08
0.005 2.290208e-09
-0.02 -1.096768e-08
-0.05 -2.040967e-08
-0.075 -2.988207e-08
-0.1 -3.816134e-08
