Thu May  7 10:25:53 2026
-0.1 -1.315648e-09
-0.075 -1.014536e-09
-0.05 -6.046334e-10
-0.02 -2.352999e-10
0.005 2.076546e-10
0.03 5.081874e-10
0.055 8.248784e-10
0.08 1.229515e-09
0.11 1.523442e-09
0.135 1.882086e-09
0.16 2.204752e-09
0.185 2.524387e-09
0.21 2.820753e-09
0.24 3.218661e-09
0.265 3.528998e-09
0.29 3.877411e-09
0.315 4.173273e-09
0.34 4.471536e-09
0.37 4.885766e-09
0.395 5.179438e-09
0.42 5.486493e-09
0.445 5.83373e-09
0.47 6.147899e-09
0.5 6.489416e-09
0.525 6.832871e-09
0.55 7.145615e-09
0.575 7.448041e-09
0.6 7.789554e-09
0.63 8.152616e-09
0.655 8.452141e-09
0.68 8.794889e-09
0.705 9.122638e-09
0.73 9.405281e-09
0.76 9.79965e-09
0.785 1.009472e-08
0.81 1.042394e-08
0.835 1.077454e-08
0.86 1.104991e-08
0.89 1.145979e-08
0.915 1.177029e-08
0.94 1.205442e-08
0.965 1.23606e-08
0.99 1.271505e-08
1.02 1.304827e-08
1.045 1.342724e-08
1.07 1.369274e-08
1.095 1.399757e-08
1.12 1.433706e-08
1.15 1.471411e-08
1.175 1.502068e-08
1.175 1.501349e-08
1.15 1.465673e-08
1.12 1.425524e-08
1.095 1.394784e-08
1.07 1.363054e-08
1.045 1.331637e-08
1.02 1.295273e-08
0.99 1.259437e-08
0.965 1.222533e-08
0.94 1.192577e-08
0.915 1.163138e-08
0.89 1.134381e-08
0.86 1.091304e-08
0.835 1.062699e-08
0.81 1.026165e-08
0.785 9.933682e-09
0.76 9.643844e-09
0.73 9.248168e-09
0.705 8.928486e-09
0.68 8.636409e-09
0.655 8.305246e-09
0.63 7.969993e-09
0.6 7.606475e-09
0.575 7.264916e-09
0.55 6.944349e-09
0.525 6.652019e-09
0.5 6.308863e-09
0.47 5.933976e-09
0.445 5.652549e-09
0.42 5.314352e-09
0.395 4.977417e-09
0.37 4.657537e-09
0.34 4.283062e-09
0.315 4.006353e-09
0.29 3.672915e-09
0.265 3.330801e-09
0.24 3.036204e-09
0.21 2.641834e-09
0.185 2.319672e-09
0.16 2.015396e-09
0.135 1.742844e-09
0.11 1.35971e-09
0.08 9.883157e-10
0.055 6.836172e-10
0.03 3.888916e-10
0.005 6.323785e-11
-0.02 -4.17021e-10
-0.05 -7.411133e-10
-0.075 -1.106575e-09
-0.1 -1.411981e-09
