Wed May  6 23:22:41 2026
-0.1 -2.645081e-08
-0.075 -1.995669e-08
-0.05 -1.266399e-08
-0.02 -5.379766e-09
0.005 4.524737e-09
0.03 1.090104e-08
0.055 1.723935e-08
0.08 2.450139e-08
0.11 3.177867e-08
0.135 3.902792e-08
0.16 4.535396e-08
0.185 5.172311e-08
0.21 5.809765e-08
0.24 6.622036e-08
0.265 7.253951e-08
0.29 7.980763e-08
0.315 8.613453e-08
0.34 9.249656e-08
0.37 1.005782e-07
0.395 1.069206e-07
0.42 1.132172e-07
0.445 1.204291e-07
0.47 1.26766e-07
0.5 1.339817e-07
0.525 1.411957e-07
0.55 1.47563e-07
0.575 1.538279e-07
0.6 1.611382e-07
0.63 1.683809e-07
0.655 1.746512e-07
0.68 1.819154e-07
0.705 1.882494e-07
0.73 1.945183e-07
0.76 2.025881e-07
0.785 2.089531e-07
0.81 2.152304e-07
0.835 2.223785e-07
0.86 2.287382e-07
0.89 2.369014e-07
0.915 2.432714e-07
0.94 2.495232e-07
0.965 2.558389e-07
0.99 2.630454e-07
1.02 2.701496e-07
1.045 2.775387e-07
1.07 2.838318e-07
1.095 2.901253e-07
1.12 2.964746e-07
1.15 3.046335e-07
1.175 3.10891e-07
1.175 3.108699e-07
1.15 3.044051e-07
1.12 2.960781e-07
1.095 2.898575e-07
1.07 2.834761e-07
1.045 2.770314e-07
1.02 2.696605e-07
0.99 2.624065e-07
0.965 2.550371e-07
0.94 2.488236e-07
0.915 2.424406e-07
0.89 2.360543e-07
0.86 2.278303e-07
0.835 2.215169e-07
0.81 2.14313e-07
0.785 2.079289e-07
0.76 2.016667e-07
0.73 1.934374e-07
0.705 1.870987e-07
0.68 1.807891e-07
0.655 1.735274e-07
0.63 1.671509e-07
0.6 1.598301e-07
0.575 1.526075e-07
0.55 1.463312e-07
0.525 1.399635e-07
0.5 1.326869e-07
0.47 1.255468e-07
0.445 1.191998e-07
0.42 1.119609e-07
0.395 1.056027e-07
0.37 9.927093e-08
0.34 9.121771e-08
0.315 8.493605e-08
0.29 7.854354e-08
0.265 7.131546e-08
0.24 6.504217e-08
0.21 5.692394e-08
0.185 5.062617e-08
0.16 4.434359e-08
0.135 3.803509e-08
0.11 3.084205e-08
0.08 2.356265e-08
0.055 1.643717e-08
0.03 1.0205e-08
0.005 3.861016e-09
-0.02 -5.958001e-09
-0.05 -1.313839e-08
-0.075 -2.029655e-08
-0.1 -2.663076e-08
