Thu May  7 01:17:51 2026
-0.1 -2.953328e-08
-0.075 -2.212957e-08
-0.05 -1.377064e-08
-0.02 -5.459306e-09
0.005 5.704994e-09
0.03 1.29388e-08
0.055 2.022451e-08
0.08 2.846871e-08
0.11 3.683591e-08
0.135 4.510144e-08
0.16 5.236943e-08
0.185 5.964127e-08
0.21 6.694105e-08
0.24 7.629247e-08
0.265 8.350622e-08
0.29 9.188977e-08
0.315 9.910789e-08
0.34 1.063873e-07
0.37 1.157406e-07
0.395 1.230375e-07
0.42 1.302253e-07
0.445 1.385454e-07
0.47 1.457886e-07
0.5 1.541117e-07
0.525 1.624291e-07
0.55 1.697147e-07
0.575 1.769624e-07
0.6 1.853148e-07
0.63 1.936578e-07
0.655 2.009328e-07
0.68 2.092316e-07
0.705 2.165135e-07
0.73 2.238262e-07
0.76 2.331658e-07
0.785 2.404197e-07
0.81 2.477373e-07
0.835 2.560334e-07
0.86 2.633157e-07
0.89 2.727272e-07
0.915 2.799455e-07
0.94 2.871909e-07
0.965 2.945289e-07
0.99 3.028953e-07
1.02 3.111729e-07
1.045 3.195428e-07
1.07 3.268603e-07
1.095 3.341714e-07
1.12 3.414486e-07
1.15 3.507829e-07
1.175 3.581559e-07
1.175 3.58042e-07
1.15 3.507063e-07
1.12 3.411706e-07
1.095 3.338029e-07
1.07 3.264714e-07
1.045 3.19151e-07
1.02 3.10662e-07
0.99 3.023047e-07
0.965 2.939287e-07
0.94 2.866497e-07
0.915 2.793132e-07
0.89 2.719493e-07
0.86 2.625802e-07
0.835 2.553135e-07
0.81 2.469305e-07
0.785 2.396455e-07
0.76 2.32301e-07
0.73 2.228748e-07
0.705 2.155819e-07
0.68 2.082993e-07
0.655 1.999219e-07
0.63 1.926635e-07
0.6 1.843075e-07
0.575 1.758838e-07
0.55 1.685959e-07
0.525 1.613303e-07
0.5 1.529955e-07
0.47 1.446754e-07
0.445 1.374445e-07
0.42 1.290727e-07
0.395 1.217923e-07
0.37 1.145395e-07
0.34 1.052105e-07
0.315 9.794335e-08
0.29 9.064205e-08
0.265 8.237309e-08
0.24 7.50855e-08
0.21 6.570591e-08
0.185 5.848847e-08
0.16 5.125677e-08
0.135 4.397555e-08
0.11 3.569158e-08
0.08 2.742719e-08
0.055 1.916295e-08
0.03 1.191518e-08
0.005 4.686754e-09
-0.02 -6.529315e-09
-0.05 -1.478928e-08
-0.075 -2.303449e-08
-0.1 -3.028228e-08
