Thu May  7 04:33:49 2026
-0.1 -4.149551e-09
-0.075 -3.07496e-09
-0.05 -1.919739e-09
-0.02 -7.702806e-10
0.005 8.109954e-10
0.03 1.803908e-09
0.055 2.800272e-09
0.08 3.939205e-09
0.11 5.100357e-09
0.135 6.230488e-09
0.16 7.23678e-09
0.185 8.24674e-09
0.21 9.224173e-09
0.24 1.050823e-08
0.265 1.15051e-08
0.29 1.26527e-08
0.315 1.363969e-08
0.34 1.465984e-08
0.37 1.593791e-08
0.395 1.693375e-08
0.42 1.792928e-08
0.445 1.907062e-08
0.47 2.007704e-08
0.5 2.119847e-08
0.525 2.235784e-08
0.55 2.3378e-08
0.575 2.436982e-08
0.6 2.551572e-08
0.63 2.665142e-08
0.655 2.765868e-08
0.68 2.881355e-08
0.705 2.980146e-08
0.73 3.081369e-08
0.76 3.211059e-08
0.785 3.310844e-08
0.81 3.412039e-08
0.835 3.523889e-08
0.86 3.624634e-08
0.89 3.754027e-08
0.915 3.850925e-08
0.94 3.954474e-08
0.965 4.05402e-08
0.99 4.169562e-08
1.02 4.283547e-08
1.045 4.399692e-08
1.07 4.49866e-08
1.095 4.598773e-08
1.12 4.699812e-08
1.15 4.834347e-08
1.175 4.931832e-08
1.175 4.926739e-08
1.15 4.823625e-08
1.12 4.694508e-08
1.095 4.589591e-08
1.07 4.487091e-08
1.045 4.384397e-08
1.02 4.264385e-08
0.99 4.148904e-08
0.965 4.032448e-08
0.94 3.933693e-08
0.915 3.831238e-08
0.89 3.728486e-08
0.86 3.598197e-08
0.835 3.495664e-08
0.81 3.380264e-08
0.785 3.280355e-08
0.76 3.17785e-08
0.73 3.048737e-08
0.705 2.946976e-08
0.68 2.848239e-08
0.655 2.732075e-08
0.63 2.6311e-08
0.6 2.51643e-08
0.575 2.400181e-08
0.55 2.298921e-08
0.525 2.198481e-08
0.5 2.083287e-08
0.47 1.967763e-08
0.445 1.868034e-08
0.42 1.751972e-08
0.395 1.653517e-08
0.37 1.553189e-08
0.34 1.422943e-08
0.315 1.324176e-08
0.29 1.225028e-08
0.265 1.109011e-08
0.24 1.009253e-08
0.21 8.803835e-09
0.185 7.807176e-09
0.16 6.801808e-09
0.135 5.804392e-09
0.11 4.680523e-09
0.08 3.515545e-09
0.055 2.3626e-09
0.03 1.39136e-09
0.005 4.086712e-10
-0.02 -1.150474e-09
-0.05 -2.293957e-09
-0.075 -3.411596e-09
-0.1 -4.405722e-09
