Thu May  7 08:26:20 2026
-0.1 -1.97478e-09
-0.075 -1.507224e-09
-0.05 -9.050761e-10
-0.02 -3.303271e-10
0.005 4.156552e-10
0.03 8.603526e-10
0.055 1.298403e-09
0.08 1.900351e-09
0.11 2.49115e-09
0.135 2.988743e-09
0.16 3.417032e-09
0.185 3.946096e-09
0.21 4.481644e-09
0.24 5.045634e-09
0.265 5.48146e-09
0.29 6.073316e-09
0.315 6.547707e-09
0.34 7.006925e-09
0.37 7.661892e-09
0.395 8.173505e-09
0.42 8.597592e-09
0.445 9.092814e-09
0.47 9.617771e-09
0.5 1.021222e-08
0.525 1.071586e-08
0.55 1.118359e-08
0.575 1.166241e-08
0.6 1.221829e-08
0.63 1.28037e-08
0.655 1.324175e-08
0.68 1.381583e-08
0.705 1.43114e-08
0.73 1.474466e-08
0.76 1.538646e-08
0.785 1.588464e-08
0.81 1.632053e-08
0.835 1.682739e-08
0.86 1.736438e-08
0.89 1.797797e-08
0.915 1.839111e-08
0.94 1.89219e-08
0.965 1.946156e-08
0.99 1.995055e-08
1.02 2.051001e-08
1.045 2.108572e-08
1.07 2.152087e-08
1.095 2.199797e-08
1.12 2.25231e-08
1.15 2.311041e-08
1.175 2.354e-08
1.175 2.357274e-08
1.15 2.307252e-08
1.12 2.240571e-08
1.095 2.196034e-08
1.07 2.146677e-08
1.045 2.095251e-08
1.02 2.042138e-08
0.99 1.987213e-08
0.965 1.928257e-08
0.94 1.883426e-08
0.915 1.838189e-08
0.89 1.785355e-08
0.86 1.722217e-08
0.835 1.677731e-08
0.81 1.618697e-08
0.785 1.56925e-08
0.76 1.524995e-08
0.73 1.460719e-08
0.705 1.413067e-08
0.68 1.367078e-08
0.655 1.314016e-08
0.63 1.262576e-08
0.6 1.207023e-08
0.575 1.151606e-08
0.55 1.103617e-08
0.525 1.060251e-08
0.5 1.001096e-08
0.47 9.472756e-09
0.445 9.0175e-09
0.42 8.412387e-09
0.395 7.915049e-09
0.37 7.488484e-09
0.34 6.905049e-09
0.315 6.379605e-09
0.29 5.882858e-09
0.265 5.362028e-09
0.24 4.896757e-09
0.21 4.257824e-09
0.185 3.756488e-09
0.16 3.303624e-09
0.135 2.875462e-09
0.11 2.292409e-09
0.08 1.732621e-09
0.055 1.203596e-09
0.03 7.674839e-10
0.005 2.485987e-10
-0.02 -5.330478e-10
-0.05 -1.032339e-09
-0.075 -1.554061e-09
-0.1 -2.071909e-09
