Thu May  7 11:06:50 2026
-0.1 -9.462311e-10
-0.075 -6.804685e-10
-0.05 -3.965247e-10
-0.02 -1.611467e-10
0.005 2.266327e-10
0.03 4.638347e-10
0.055 6.827324e-10
0.08 8.875748e-10
0.11 1.21163e-09
0.135 1.531645e-09
0.16 1.705602e-09
0.185 1.96864e-09
0.21 2.206096e-09
0.24 2.488743e-09
0.265 2.647171e-09
0.29 2.966343e-09
0.315 3.195049e-09
0.34 3.370728e-09
0.37 3.7205e-09
0.395 3.942298e-09
0.42 4.140532e-09
0.445 4.439511e-09
0.47 4.741935e-09
0.5 4.933395e-09
0.525 5.206663e-09
0.55 5.483548e-09
0.575 5.649004e-09
0.6 5.963921e-09
0.63 6.182276e-09
0.655 6.400244e-09
0.68 6.736845e-09
0.705 6.909367e-09
0.73 7.112162e-09
0.76 7.457506e-09
0.785 7.6644e-09
0.81 7.871223e-09
0.835 8.148987e-09
0.86 8.373179e-09
0.89 8.648469e-09
0.915 8.903691e-09
0.94 9.149817e-09
0.965 9.33664e-09
0.99 9.604359e-09
1.02 9.915656e-09
1.045 1.015211e-08
1.07 1.038438e-08
1.095 1.062311e-08
1.12 1.078682e-08
1.15 1.115646e-08
1.175 1.138426e-08
1.175 1.131439e-08
1.15 1.112851e-08
1.12 1.079904e-08
1.095 1.056074e-08
1.07 1.03859e-08
1.045 1.007842e-08
1.02 9.821782e-09
0.99 9.553438e-09
0.965 9.25156e-09
0.94 9.036744e-09
0.915 8.870779e-09
0.89 8.583972e-09
0.86 8.288873e-09
0.835 8.099669e-09
0.81 7.791416e-09
0.785 7.55016e-09
0.76 7.364765e-09
0.73 7.022189e-09
0.705 6.765249e-09
0.68 6.599836e-09
0.655 6.299472e-09
0.63 6.031468e-09
0.6 5.845854e-09
0.575 5.546166e-09
0.55 5.345866e-09
0.525 5.05245e-09
0.5 4.808221e-09
0.47 4.56685e-09
0.445 4.304647e-09
0.42 4.008743e-09
0.395 3.83277e-09
0.37 3.574907e-09
0.34 3.242475e-09
0.315 3.061576e-09
0.29 2.794287e-09
0.265 2.55616e-09
0.24 2.346935e-09
0.21 2.066727e-09
0.185 1.819681e-09
0.16 1.577808e-09
0.135 1.356806e-09
0.11 1.084803e-09
0.08 8.21048e-10
0.055 5.582191e-10
0.03 3.319575e-10
0.005 8.537159e-11
-0.02 -2.654744e-10
-0.05 -5.059032e-10
-0.075 -7.667014e-10
-0.1 -9.790578e-10
