Thu May  7 05:16:56 2026
-0.1 -2.136556e-09
-0.075 -1.619379e-09
-0.05 -8.965332e-10
-0.02 -2.219598e-10
0.005 6.010592e-10
0.03 1.128527e-09
0.055 1.729046e-09
0.08 2.373497e-09
0.11 3.001494e-09
0.135 3.608154e-09
0.16 4.169924e-09
0.185 4.780034e-09
0.21 5.296904e-09
0.24 5.954731e-09
0.265 6.567534e-09
0.29 7.250962e-09
0.315 7.746097e-09
0.34 8.25553e-09
0.37 9.031018e-09
0.395 9.575566e-09
0.42 1.00695e-08
0.445 1.074454e-08
0.47 1.136559e-08
0.5 1.193346e-08
0.525 1.254489e-08
0.55 1.31482e-08
0.575 1.36718e-08
0.6 1.433221e-08
0.63 1.49329e-08
0.655 1.54039e-08
0.68 1.610675e-08
0.705 1.666886e-08
0.73 1.719659e-08
0.76 1.79297e-08
0.785 1.852422e-08
0.81 1.901805e-08
0.835 1.966107e-08
0.86 2.028542e-08
0.89 2.092977e-08
0.915 2.148171e-08
0.94 2.204769e-08
0.965 2.256844e-08
0.99 2.315121e-08
1.02 2.384548e-08
1.045 2.445022e-08
1.07 2.497412e-08
1.095 2.560307e-08
1.12 2.617255e-08
1.15 2.682751e-08
1.175 2.738902e-08
1.175 2.744971e-08
1.15 2.677761e-08
1.12 2.606886e-08
1.095 2.556458e-08
1.07 2.492223e-08
1.045 2.4377e-08
1.02 2.37915e-08
0.99 2.304122e-08
0.965 2.236369e-08
0.94 2.18698e-08
0.915 2.130704e-08
0.89 2.067048e-08
0.86 2.001335e-08
0.835 1.949567e-08
0.81 1.878541e-08
0.785 1.826286e-08
0.76 1.778014e-08
0.73 1.697388e-08
0.705 1.643459e-08
0.68 1.594391e-08
0.655 1.520526e-08
0.63 1.460962e-08
0.6 1.405103e-08
0.575 1.332498e-08
0.55 1.284713e-08
0.525 1.229972e-08
0.5 1.16017e-08
0.47 1.101363e-08
0.445 1.053482e-08
0.42 9.840659e-09
0.395 9.230734e-09
0.37 8.726225e-09
0.34 8.101298e-09
0.315 7.456806e-09
0.29 6.857938e-09
0.265 6.28363e-09
0.24 5.776899e-09
0.21 5.013158e-09
0.185 4.469236e-09
0.16 3.938778e-09
0.135 3.367672e-09
0.11 2.701887e-09
0.08 2.076375e-09
0.055 1.492348e-09
0.03 9.661423e-10
0.005 3.834226e-10
-0.02 -5.318704e-10
-0.05 -1.083893e-09
-0.075 -1.671393e-09
-0.1 -2.252833e-09
