Thu May  7 05:10:23 2026
-0.1 -1.200472e-08
-0.075 -8.9355e-09
-0.05 -5.479295e-09
-0.02 -2.068928e-09
0.005 2.491535e-09
0.03 5.484833e-09
0.055 8.521099e-09
0.08 1.188204e-08
0.11 1.525052e-08
0.135 1.869595e-08
0.16 2.163804e-08
0.185 2.457206e-08
0.21 2.757794e-08
0.24 3.137819e-08
0.265 3.43204e-08
0.29 3.774355e-08
0.315 4.071783e-08
0.34 4.364888e-08
0.37 4.751988e-08
0.395 5.046811e-08
0.42 5.337789e-08
0.445 5.680515e-08
0.47 5.978017e-08
0.5 6.314281e-08
0.525 6.655454e-08
0.55 6.954055e-08
0.575 7.245631e-08
0.6 7.59384e-08
0.63 7.926643e-08
0.655 8.224408e-08
0.68 8.568176e-08
0.705 8.861046e-08
0.73 9.155856e-08
0.76 9.543403e-08
0.785 9.837218e-08
0.81 1.012762e-07
0.835 1.047501e-07
0.86 1.076842e-07
0.89 1.114951e-07
0.915 1.144819e-07
0.94 1.174433e-07
0.965 1.203999e-07
0.99 1.238601e-07
1.02 1.272242e-07
1.045 1.306371e-07
1.07 1.336631e-07
1.095 1.36668e-07
1.12 1.395917e-07
1.15 1.434743e-07
1.175 1.463988e-07
1.175 1.463331e-07
1.15 1.433194e-07
1.12 1.393484e-07
1.095 1.363862e-07
1.07 1.333723e-07
1.045 1.302862e-07
1.02 1.268597e-07
0.99 1.234191e-07
0.965 1.199423e-07
0.94 1.16992e-07
0.915 1.139997e-07
0.89 1.110103e-07
0.86 1.071284e-07
0.835 1.041163e-07
0.81 1.007173e-07
0.785 9.77611e-08
0.76 9.473883e-08
0.73 9.089331e-08
0.705 8.796006e-08
0.68 8.494375e-08
0.655 8.151077e-08
0.63 7.858237e-08
0.6 7.517401e-08
0.575 7.174532e-08
0.55 6.874782e-08
0.525 6.575392e-08
0.5 6.235657e-08
0.47 5.895361e-08
0.445 5.596922e-08
0.42 5.259184e-08
0.395 4.963872e-08
0.37 4.662579e-08
0.34 4.282759e-08
0.315 3.988476e-08
0.29 3.68897e-08
0.265 3.350123e-08
0.24 3.053463e-08
0.21 2.667529e-08
0.185 2.373285e-08
0.16 2.075823e-08
0.135 1.782469e-08
0.11 1.440764e-08
0.08 1.101321e-08
0.055 7.628785e-09
0.03 4.657578e-09
0.005 1.711457e-09
-0.02 -2.861167e-09
-0.05 -6.23963e-09
-0.075 -9.642291e-09
-0.1 -1.257145e-08
