Wed May  6 21:28:36 2026
-0.1 -1.550231e-08
-0.075 -1.149187e-08
-0.05 -7.033643e-09
-0.02 -2.674816e-09
0.005 3.236846e-09
0.03 7.005082e-09
0.055 1.081114e-08
0.08 1.505414e-08
0.11 1.937632e-08
0.135 2.367986e-08
0.16 2.747018e-08
0.185 3.119761e-08
0.21 3.495073e-08
0.24 3.983088e-08
0.265 4.36067e-08
0.29 4.789732e-08
0.315 5.16575e-08
0.34 5.543884e-08
0.37 6.029571e-08
0.395 6.398672e-08
0.42 6.77158e-08
0.445 7.20762e-08
0.47 7.582067e-08
0.5 8.016646e-08
0.525 8.438528e-08
0.55 8.830192e-08
0.575 9.206524e-08
0.6 9.630688e-08
0.63 1.0081e-07
0.655 1.044324e-07
0.68 1.08744e-07
0.705 1.124918e-07
0.73 1.162808e-07
0.76 1.211304e-07
0.785 1.247441e-07
0.81 1.288227e-07
0.835 1.33157e-07
0.86 1.36573e-07
0.89 1.415063e-07
0.915 1.452015e-07
0.94 1.488685e-07
0.965 1.527231e-07
0.99 1.569844e-07
1.02 1.614954e-07
1.045 1.657269e-07
1.07 1.695846e-07
1.095 1.733756e-07
1.12 1.771887e-07
1.15 1.820449e-07
1.175 1.857252e-07
1.175 1.85663e-07
1.15 1.814616e-07
1.12 1.763671e-07
1.095 1.724121e-07
1.07 1.686222e-07
1.045 1.648527e-07
1.02 1.601719e-07
0.99 1.559025e-07
0.965 1.514261e-07
0.94 1.478511e-07
0.915 1.435684e-07
0.89 1.397719e-07
0.86 1.347948e-07
0.835 1.310037e-07
0.81 1.266152e-07
0.785 1.226513e-07
0.76 1.188931e-07
0.73 1.139304e-07
0.705 1.1017e-07
0.68 1.063371e-07
0.655 1.019729e-07
0.63 9.813361e-08
0.6 9.381842e-08
0.575 8.947886e-08
0.55 8.573995e-08
0.525 8.19665e-08
0.5 7.764683e-08
0.47 7.334702e-08
0.445 6.965829e-08
0.42 6.536582e-08
0.395 6.167274e-08
0.37 5.794093e-08
0.34 5.31839e-08
0.315 4.945942e-08
0.29 4.58749e-08
0.265 4.151421e-08
0.24 3.77843e-08
0.21 3.304849e-08
0.185 2.940782e-08
0.16 2.567721e-08
0.135 2.20082e-08
0.11 1.776838e-08
0.08 1.359601e-08
0.055 9.380305e-09
0.03 5.643967e-09
0.005 1.922569e-09
-0.02 -3.920642e-09
-0.05 -7.598453e-09
-0.075 -1.229198e-08
-0.1 -1.605805e-08
