Thu May  7 08:29:37 2026
-0.1 -1.720378e-09
-0.075 -1.291663e-09
-0.05 -8.634965e-10
-0.02 -3.306218e-10
0.005 3.248052e-10
0.03 6.66407e-10
0.055 1.086825e-09
0.08 1.577811e-09
0.11 2.039466e-09
0.135 2.488834e-09
0.16 2.877356e-09
0.185 3.301352e-09
0.21 3.729676e-09
0.24 4.213678e-09
0.265 4.597525e-09
0.29 5.082839e-09
0.315 5.484735e-09
0.34 5.874515e-09
0.37 6.43843e-09
0.395 6.810079e-09
0.42 7.223965e-09
0.445 7.651376e-09
0.47 8.059037e-09
0.5 8.576118e-09
0.525 8.985088e-09
0.55 9.414711e-09
0.575 9.800676e-09
0.6 1.027566e-08
0.63 1.071982e-08
0.655 1.111414e-08
0.68 1.159463e-08
0.705 1.201064e-08
0.73 1.238802e-08
0.76 1.289105e-08
0.785 1.330772e-08
0.81 1.370508e-08
0.835 1.411648e-08
0.86 1.458631e-08
0.89 1.512227e-08
0.915 1.549872e-08
0.94 1.590114e-08
0.965 1.632318e-08
0.99 1.675833e-08
1.02 1.720672e-08
1.045 1.768046e-08
1.07 1.810267e-08
1.095 1.84802e-08
1.12 1.8886e-08
1.15 1.937793e-08
1.175 1.978101e-08
1.175 1.980267e-08
1.15 1.936256e-08
1.12 1.879204e-08
1.095 1.840575e-08
1.07 1.800251e-08
1.045 1.756529e-08
1.02 1.709804e-08
0.99 1.662233e-08
0.965 1.616363e-08
0.94 1.575014e-08
0.915 1.53344e-08
0.89 1.493931e-08
0.86 1.4397e-08
0.835 1.400915e-08
0.81 1.353283e-08
0.785 1.313125e-08
0.76 1.271781e-08
0.73 1.218937e-08
0.705 1.178187e-08
0.68 1.137774e-08
0.655 1.090279e-08
0.63 1.050374e-08
0.6 1.004209e-08
0.575 9.588809e-09
0.55 9.170546e-09
0.525 8.777434e-09
0.5 8.300163e-09
0.47 7.84199e-09
0.445 7.435847e-09
0.42 6.985398e-09
0.395 6.567159e-09
0.37 6.161518e-09
0.34 5.635808e-09
0.315 5.237309e-09
0.29 4.84265e-09
0.265 4.380271e-09
0.24 3.984515e-09
0.21 3.473921e-09
0.185 3.055186e-09
0.16 2.662076e-09
0.135 2.259416e-09
0.11 1.784926e-09
0.08 1.312835e-09
0.055 8.917863e-10
0.03 4.81383e-10
0.005 6.492109e-11
-0.02 -5.528282e-10
-0.05 -1.022577e-09
-0.075 -1.447923e-09
-0.1 -1.860228e-09
