Wed May  6 21:27:31 2026
-0.1 -2.171286e-08
-0.075 -1.652612e-08
-0.05 -1.077032e-08
-0.02 -4.939261e-09
0.005 3.035027e-09
0.03 8.033379e-09
0.055 1.30509e-08
0.08 1.884009e-08
0.11 2.460967e-08
0.135 3.03844e-08
0.16 3.533679e-08
0.185 4.042148e-08
0.21 4.552572e-08
0.24 5.193282e-08
0.265 5.699499e-08
0.29 6.27892e-08
0.315 6.776613e-08
0.34 7.276897e-08
0.37 7.92173e-08
0.395 8.432853e-08
0.42 8.928752e-08
0.445 9.50719e-08
0.47 1.001004e-07
0.5 1.05869e-07
0.525 1.115863e-07
0.55 1.165989e-07
0.575 1.215626e-07
0.6 1.273937e-07
0.63 1.331186e-07
0.655 1.38119e-07
0.68 1.438578e-07
0.705 1.488956e-07
0.73 1.538416e-07
0.76 1.603276e-07
0.785 1.653786e-07
0.81 1.703816e-07
0.835 1.761333e-07
0.86 1.811954e-07
0.89 1.875791e-07
0.915 1.925406e-07
0.94 1.974905e-07
0.965 2.027169e-07
0.99 2.084057e-07
1.02 2.142075e-07
1.045 2.199672e-07
1.07 2.251417e-07
1.095 2.300133e-07
1.12 2.350564e-07
1.15 2.415979e-07
1.175 2.465844e-07
1.175 2.464022e-07
1.15 2.412867e-07
1.12 2.345826e-07
1.095 2.294896e-07
1.07 2.244357e-07
1.045 2.193395e-07
1.02 2.13306e-07
0.99 2.076074e-07
0.965 2.018391e-07
0.94 1.966889e-07
0.915 1.915877e-07
0.89 1.866074e-07
0.86 1.799583e-07
0.835 1.74962e-07
0.81 1.692176e-07
0.785 1.641124e-07
0.76 1.590862e-07
0.73 1.52606e-07
0.705 1.475655e-07
0.68 1.424656e-07
0.655 1.367e-07
0.63 1.317579e-07
0.6 1.259557e-07
0.575 1.202149e-07
0.55 1.151225e-07
0.525 1.101021e-07
0.5 1.043804e-07
0.47 9.860732e-08
0.445 9.359328e-08
0.42 8.788511e-08
0.395 8.290687e-08
0.37 7.787821e-08
0.34 7.143537e-08
0.315 6.645794e-08
0.29 6.152496e-08
0.265 5.572366e-08
0.24 5.069581e-08
0.21 4.427224e-08
0.185 3.930688e-08
0.16 3.427405e-08
0.135 2.930008e-08
0.11 2.362386e-08
0.08 1.78799e-08
0.055 1.211422e-08
0.03 7.14891e-09
0.005 2.240018e-09
-0.02 -5.632802e-09
-0.05 -1.131163e-08
-0.075 -1.700822e-08
-0.1 -2.216357e-08
