Thu May  7 11:41:13 2026
-0.1 -9.155512e-10
-0.075 -6.241171e-10
-0.05 -3.181632e-10
-0.02 -7.428455e-11
0.005 2.944223e-10
0.03 5.674342e-10
0.055 8.330811e-10
0.08 1.094311e-09
0.11 1.364799e-09
0.135 1.669412e-09
0.16 1.888143e-09
0.185 2.124545e-09
0.21 2.379125e-09
0.24 2.747908e-09
0.265 2.939662e-09
0.29 3.243982e-09
0.315 3.488378e-09
0.34 3.735726e-09
0.37 4.027126e-09
0.395 4.292349e-09
0.42 4.565747e-09
0.445 4.817374e-09
0.47 5.086604e-09
0.5 5.377621e-09
0.525 5.63116e-09
0.55 5.841337e-09
0.575 6.121718e-09
0.6 6.389429e-09
0.63 6.722026e-09
0.655 6.959132e-09
0.68 7.191633e-09
0.705 7.486731e-09
0.73 7.704415e-09
0.76 8.029522e-09
0.785 8.308787e-09
0.81 8.562875e-09
0.835 8.812449e-09
0.86 9.075028e-09
0.89 9.442456e-09
0.915 9.655883e-09
0.94 9.903524e-09
0.965 1.016951e-08
0.99 1.041791e-08
1.02 1.070922e-08
1.045 1.103143e-08
1.07 1.124649e-08
1.095 1.150671e-08
1.12 1.178371e-08
1.15 1.207012e-08
1.175 1.234485e-08
1.175 1.233282e-08
1.15 1.202921e-08
1.12 1.170747e-08
1.095 1.146845e-08
1.07 1.117639e-08
1.045 1.095771e-08
1.02 1.064025e-08
0.99 1.033708e-08
0.965 1.007484e-08
0.94 9.798416e-09
0.915 9.533401e-09
0.89 9.3158e-09
0.86 8.994862e-09
0.835 8.713563e-09
0.81 8.438025e-09
0.785 8.201574e-09
0.76 7.934248e-09
0.73 7.624749e-09
0.705 7.36471e-09
0.68 7.107008e-09
0.655 6.810936e-09
0.63 6.565698e-09
0.6 6.28368e-09
0.575 5.989212e-09
0.55 5.742873e-09
0.525 5.490278e-09
0.5 5.213265e-09
0.47 4.909622e-09
0.445 4.686809e-09
0.42 4.419014e-09
0.395 4.139519e-09
0.37 3.905564e-09
0.34 3.601532e-09
0.315 3.352127e-09
0.29 3.107563e-09
0.265 2.800803e-09
0.24 2.587207e-09
0.21 2.250991e-09
0.185 2.007814e-09
0.16 1.748563e-09
0.135 1.489647e-09
0.11 1.246135e-09
0.08 9.396688e-10
0.055 6.655633e-10
0.03 4.239433e-10
0.005 1.732753e-10
-0.02 -2.063034e-10
-0.05 -4.953806e-10
-0.075 -7.653521e-10
-0.1 -1.019456e-09
