Thu May  7 02:00:59 2026
-0.1 -4.757792e-09
-0.075 -3.48002e-09
-0.05 -2.03791e-09
-0.02 -6.383032e-10
0.005 1.287841e-09
0.03 2.492289e-09
0.055 3.704728e-09
0.08 5.090704e-09
0.11 6.494405e-09
0.135 7.893898e-09
0.16 9.103344e-09
0.185 1.028966e-08
0.21 1.151914e-08
0.24 1.308412e-08
0.265 1.428442e-08
0.29 1.56826e-08
0.315 1.689553e-08
0.34 1.805199e-08
0.37 1.965848e-08
0.395 2.085532e-08
0.42 2.202022e-08
0.445 2.343406e-08
0.47 2.461857e-08
0.5 2.596745e-08
0.525 2.740058e-08
0.55 2.85953e-08
0.575 2.986755e-08
0.6 3.117851e-08
0.63 3.256951e-08
0.655 3.377549e-08
0.68 3.508815e-08
0.705 3.638146e-08
0.73 3.755233e-08
0.76 3.911167e-08
0.785 4.034844e-08
0.81 4.151281e-08
0.835 4.290211e-08
0.86 4.416069e-08
0.89 4.565275e-08
0.915 4.685403e-08
0.94 4.806989e-08
0.965 4.927275e-08
0.99 5.072237e-08
1.02 5.203759e-08
1.045 5.336816e-08
1.07 5.462171e-08
1.095 5.581925e-08
1.12 5.704655e-08
1.15 5.862178e-08
1.175 5.978858e-08
1.175 5.973074e-08
1.15 5.853736e-08
1.12 5.682212e-08
1.095 5.558931e-08
1.07 5.433566e-08
1.045 5.305382e-08
1.02 5.171965e-08
0.99 5.026638e-08
0.965 4.888955e-08
0.94 4.767388e-08
0.915 4.636692e-08
0.89 4.516638e-08
0.86 4.356724e-08
0.835 4.235793e-08
0.81 4.097565e-08
0.785 3.973564e-08
0.76 3.846542e-08
0.73 3.695708e-08
0.705 3.57089e-08
0.68 3.449234e-08
0.655 3.311138e-08
0.63 3.184994e-08
0.6 3.049135e-08
0.575 2.906052e-08
0.55 2.785023e-08
0.525 2.66777e-08
0.5 2.524332e-08
0.47 2.389581e-08
0.445 2.266086e-08
0.42 2.124873e-08
0.395 2.007538e-08
0.37 1.883603e-08
0.34 1.727285e-08
0.315 1.610078e-08
0.29 1.487816e-08
0.265 1.348469e-08
0.24 1.231051e-08
0.21 1.071386e-08
0.185 9.510595e-09
0.16 8.319831e-09
0.135 7.081923e-09
0.11 5.710757e-09
0.08 4.349521e-09
0.055 2.971536e-09
0.03 1.744996e-09
0.005 5.669739e-10
-0.02 -1.269278e-09
-0.05 -2.66493e-09
-0.075 -4.086634e-09
-0.1 -5.261762e-09
