Thu May  7 05:54:36 2026
-0.1 -2.216648e-09
-0.075 -1.64905e-09
-0.05 -9.617241e-10
-0.02 -3.562523e-10
0.005 4.68256e-10
0.03 1.002879e-09
0.055 1.548318e-09
0.08 2.172613e-09
0.11 2.791313e-09
0.135 3.396333e-09
0.16 3.971102e-09
0.185 4.491582e-09
0.21 5.020526e-09
0.24 5.732351e-09
0.265 6.308087e-09
0.29 6.880837e-09
0.315 7.435787e-09
0.34 7.986392e-09
0.37 8.651419e-09
0.395 9.187814e-09
0.42 9.747599e-09
0.445 1.038435e-08
0.47 1.086318e-08
0.5 1.151048e-08
0.525 1.211854e-08
0.55 1.266125e-08
0.575 1.322489e-08
0.6 1.380825e-08
0.63 1.446035e-08
0.655 1.496356e-08
0.68 1.559968e-08
0.705 1.615168e-08
0.73 1.669055e-08
0.76 1.735107e-08
0.785 1.794102e-08
0.81 1.845651e-08
0.835 1.906196e-08
0.86 1.961881e-08
0.89 2.030476e-08
0.915 2.084214e-08
0.94 2.141273e-08
0.965 2.193188e-08
0.99 2.251714e-08
1.02 2.317008e-08
1.045 2.377555e-08
1.07 2.431947e-08
1.095 2.489223e-08
1.12 2.541374e-08
1.15 2.610385e-08
1.175 2.667577e-08
1.175 2.664225e-08
1.15 2.60511e-08
1.12 2.536618e-08
1.095 2.477921e-08
1.07 2.424144e-08
1.045 2.368734e-08
1.02 2.30018e-08
0.99 2.241826e-08
0.965 2.178282e-08
0.94 2.122003e-08
0.915 2.068181e-08
0.89 2.012841e-08
0.86 1.93671e-08
0.835 1.888378e-08
0.81 1.823599e-08
0.785 1.766557e-08
0.76 1.716056e-08
0.73 1.64736e-08
0.705 1.590085e-08
0.68 1.536418e-08
0.655 1.474486e-08
0.63 1.417534e-08
0.6 1.356558e-08
0.575 1.293197e-08
0.55 1.240329e-08
0.525 1.185456e-08
0.5 1.124278e-08
0.47 1.06364e-08
0.445 1.006794e-08
0.42 9.440662e-09
0.395 8.915045e-09
0.37 8.355546e-09
0.34 7.693347e-09
0.315 7.12182e-09
0.29 6.62045e-09
0.265 5.96602e-09
0.24 5.405095e-09
0.21 4.742717e-09
0.185 4.198369e-09
0.16 3.63686e-09
0.135 3.116124e-09
0.11 2.511689e-09
0.08 1.883776e-09
0.055 1.229477e-09
0.03 7.338629e-10
0.005 2.09381e-10
-0.02 -6.422593e-10
-0.05 -1.266668e-09
-0.075 -1.866584e-09
-0.1 -2.426732e-09
