Thu May  7 06:33:21 2026
-0.1 -2.093418e-09
-0.075 -1.541058e-09
-0.05 -9.207317e-10
-0.02 -3.676563e-10
0.005 4.05472e-10
0.03 9.267129e-10
0.055 1.428262e-09
0.08 2.03265e-09
0.11 2.578554e-09
0.135 3.13337e-09
0.16 3.672747e-09
0.185 4.128091e-09
0.21 4.630607e-09
0.24 5.316005e-09
0.265 5.838544e-09
0.29 6.390966e-09
0.315 6.826494e-09
0.34 7.38712e-09
0.37 8.070034e-09
0.395 8.512762e-09
0.42 8.973561e-09
0.445 9.614231e-09
0.47 1.015033e-08
0.5 1.066234e-08
0.525 1.125276e-08
0.55 1.179055e-08
0.575 1.224942e-08
0.6 1.286483e-08
0.63 1.338203e-08
0.655 1.386609e-08
0.68 1.450001e-08
0.705 1.495307e-08
0.73 1.549075e-08
0.76 1.614659e-08
0.785 1.659684e-08
0.81 1.703343e-08
0.835 1.768492e-08
0.86 1.821739e-08
0.89 1.879675e-08
0.915 1.932409e-08
0.94 1.986357e-08
0.965 2.02972e-08
0.99 2.083192e-08
1.02 2.149374e-08
1.045 2.204008e-08
1.07 2.246821e-08
1.095 2.304086e-08
1.12 2.352682e-08
1.15 2.411268e-08
1.175 2.46664e-08
1.175 2.472625e-08
1.15 2.40958e-08
1.12 2.347402e-08
1.095 2.301671e-08
1.07 2.242288e-08
1.045 2.193374e-08
1.02 2.138432e-08
0.99 2.07219e-08
0.965 2.012968e-08
0.94 1.968285e-08
0.915 1.912318e-08
0.89 1.856571e-08
0.86 1.798552e-08
0.835 1.74452e-08
0.81 1.685053e-08
0.785 1.638182e-08
0.76 1.591992e-08
0.73 1.519236e-08
0.705 1.469266e-08
0.68 1.421989e-08
0.655 1.36024e-08
0.63 1.307158e-08
0.6 1.254033e-08
0.575 1.190598e-08
0.55 1.145889e-08
0.525 1.093847e-08
0.5 1.031397e-08
0.47 9.783549e-09
0.445 9.316977e-09
0.42 8.712925e-09
0.395 8.222401e-09
0.37 7.734652e-09
0.34 7.074884e-09
0.315 6.562991e-09
0.29 6.06405e-09
0.265 5.537045e-09
0.24 5.004363e-09
0.21 4.314301e-09
0.185 3.868003e-09
0.16 3.370536e-09
0.135 2.848787e-09
0.11 2.277136e-09
0.08 1.726185e-09
0.055 1.172502e-09
0.03 6.505024e-10
0.005 1.613678e-10
-0.02 -6.196595e-10
-0.05 -1.147652e-09
-0.075 -1.748787e-09
-0.1 -2.204143e-09
