Thu May  7 00:44:34 2026
-0.1 -4.577119e-09
-0.075 -3.370727e-09
-0.05 -2.111176e-09
-0.02 -8.20612e-10
0.005 9.034425e-10
0.03 2.041192e-09
0.055 3.092006e-09
0.08 4.34194e-09
0.11 5.636138e-09
0.135 6.969226e-09
0.16 7.980145e-09
0.185 9.034996e-09
0.21 1.01823e-08
0.24 1.162184e-08
0.265 1.268686e-08
0.29 1.395854e-08
0.315 1.509185e-08
0.34 1.614216e-08
0.37 1.751113e-08
0.395 1.866312e-08
0.42 1.976258e-08
0.445 2.099509e-08
0.47 2.208845e-08
0.5 2.341762e-08
0.525 2.463313e-08
0.55 2.564062e-08
0.575 2.680677e-08
0.6 2.803105e-08
0.63 2.936527e-08
0.655 3.043629e-08
0.68 3.161986e-08
0.705 3.279867e-08
0.73 3.390274e-08
0.76 3.526083e-08
0.785 3.642751e-08
0.81 3.753261e-08
0.835 3.873481e-08
0.86 3.988924e-08
0.89 4.135324e-08
0.915 4.240536e-08
0.94 4.348988e-08
0.965 4.464624e-08
0.99 4.587126e-08
1.02 4.708314e-08
1.045 4.842532e-08
1.07 4.950221e-08
1.095 5.054841e-08
1.12 5.169856e-08
1.15 5.314653e-08
1.175 5.41861e-08
1.175 5.42105e-08
1.15 5.302164e-08
1.12 5.153186e-08
1.095 5.046201e-08
1.07 4.932295e-08
1.045 4.818173e-08
1.02 4.688903e-08
0.99 4.561004e-08
0.965 4.433503e-08
0.94 4.321356e-08
0.915 4.211998e-08
0.89 4.098763e-08
0.86 3.950698e-08
0.835 3.846079e-08
0.81 3.711087e-08
0.785 3.600525e-08
0.76 3.491063e-08
0.73 3.349747e-08
0.705 3.235924e-08
0.68 3.124787e-08
0.655 2.999375e-08
0.63 2.885277e-08
0.6 2.76164e-08
0.575 2.631996e-08
0.55 2.519716e-08
0.525 2.412787e-08
0.5 2.283837e-08
0.47 2.160231e-08
0.445 2.052943e-08
0.42 1.918662e-08
0.395 1.807136e-08
0.37 1.702223e-08
0.34 1.557596e-08
0.315 1.444214e-08
0.29 1.336546e-08
0.265 1.217893e-08
0.24 1.102828e-08
0.21 9.603248e-09
0.185 8.533537e-09
0.16 7.411522e-09
0.135 6.310763e-09
0.11 5.07454e-09
0.08 3.846454e-09
0.055 2.576657e-09
0.03 1.467605e-09
0.005 3.218175e-10
-0.02 -1.341367e-09
-0.05 -2.552352e-09
-0.075 -3.816232e-09
-0.1 -4.900579e-09
