Thu May  7 00:43:29 2026
-0.1 -5.877578e-09
-0.075 -4.323314e-09
-0.05 -2.615269e-09
-0.02 -8.982597e-10
0.005 1.381469e-09
0.03 2.869955e-09
0.055 4.338242e-09
0.08 6.020965e-09
0.11 7.735045e-09
0.135 9.412418e-09
0.16 1.088706e-08
0.185 1.235527e-08
0.21 1.381762e-08
0.24 1.569656e-08
0.265 1.716766e-08
0.29 1.885799e-08
0.315 2.032065e-08
0.34 2.179418e-08
0.37 2.369545e-08
0.395 2.514371e-08
0.42 2.662543e-08
0.445 2.830288e-08
0.47 2.974296e-08
0.5 3.141958e-08
0.525 3.311515e-08
0.55 3.458745e-08
0.575 3.603106e-08
0.6 3.774035e-08
0.63 3.941109e-08
0.655 4.086752e-08
0.68 4.25482e-08
0.705 4.40214e-08
0.73 4.547923e-08
0.76 4.736018e-08
0.785 4.88273e-08
0.81 5.025154e-08
0.835 5.198303e-08
0.86 5.339604e-08
0.89 5.529285e-08
0.915 5.678238e-08
0.94 5.822094e-08
0.965 5.969046e-08
0.99 6.136868e-08
1.02 6.300149e-08
1.045 6.47658e-08
1.07 6.62354e-08
1.095 6.763769e-08
1.12 6.910869e-08
1.15 7.10015e-08
1.175 7.241589e-08
1.175 7.240729e-08
1.15 7.086714e-08
1.12 6.893747e-08
1.095 6.740007e-08
1.07 6.588387e-08
1.045 6.442362e-08
1.02 6.262432e-08
0.99 6.093238e-08
0.965 5.92257e-08
0.94 5.767428e-08
0.915 5.616862e-08
0.89 5.469877e-08
0.86 5.277847e-08
0.835 5.124761e-08
0.81 4.957876e-08
0.785 4.809273e-08
0.76 4.657651e-08
0.73 4.477315e-08
0.705 4.331341e-08
0.68 4.17952e-08
0.655 4.009929e-08
0.63 3.861985e-08
0.6 3.687628e-08
0.575 3.521088e-08
0.55 3.371417e-08
0.525 3.226573e-08
0.5 3.058806e-08
0.47 2.889524e-08
0.445 2.73804e-08
0.42 2.57132e-08
0.395 2.423079e-08
0.37 2.276104e-08
0.34 2.0882e-08
0.315 1.945042e-08
0.29 1.793881e-08
0.265 1.627274e-08
0.24 1.478972e-08
0.21 1.288003e-08
0.185 1.138506e-08
0.16 9.951964e-09
0.135 8.500377e-09
0.11 6.800732e-09
0.08 5.104046e-09
0.055 3.4578e-09
0.03 2.033322e-09
0.005 5.369705e-10
-0.02 -1.761411e-09
-0.05 -3.428967e-09
-0.075 -5.044634e-09
-0.1 -6.547269e-09
