Wed May  6 22:50:30 2026
-0.1 -1.29818e-08
-0.075 -9.657933e-09
-0.05 -5.974086e-09
-0.02 -2.274003e-09
0.005 2.727007e-09
0.03 5.93521e-09
0.055 9.174755e-09
0.08 1.284915e-08
0.11 1.655146e-08
0.135 2.021528e-08
0.16 2.344877e-08
0.185 2.667746e-08
0.21 2.991617e-08
0.24 3.407653e-08
0.265 3.72977e-08
0.29 4.098991e-08
0.315 4.420252e-08
0.34 4.740317e-08
0.37 5.161081e-08
0.395 5.483242e-08
0.42 5.802713e-08
0.445 6.174892e-08
0.47 6.498515e-08
0.5 6.86252e-08
0.525 7.228516e-08
0.55 7.553756e-08
0.575 7.877745e-08
0.6 8.248668e-08
0.63 8.617857e-08
0.655 8.938597e-08
0.68 9.308725e-08
0.705 9.632215e-08
0.73 9.948603e-08
0.76 1.037077e-07
0.785 1.069093e-07
0.81 1.100139e-07
0.835 1.13759e-07
0.86 1.169905e-07
0.89 1.211307e-07
0.915 1.243716e-07
0.94 1.275809e-07
0.965 1.307338e-07
0.99 1.344363e-07
1.02 1.381378e-07
1.045 1.419144e-07
1.07 1.450573e-07
1.095 1.482849e-07
1.12 1.514101e-07
1.15 1.55612e-07
1.175 1.587917e-07
1.175 1.586302e-07
1.15 1.55313e-07
1.12 1.510997e-07
1.095 1.478934e-07
1.07 1.445578e-07
1.045 1.412248e-07
1.02 1.374892e-07
0.99 1.338219e-07
0.965 1.300055e-07
0.94 1.268181e-07
0.915 1.23536e-07
0.89 1.203111e-07
0.86 1.160933e-07
0.835 1.128808e-07
0.81 1.091697e-07
0.785 1.059821e-07
0.76 1.027552e-07
0.73 9.860359e-08
0.705 9.533597e-08
0.68 9.212074e-08
0.655 8.844429e-08
0.63 8.520917e-08
0.6 8.15117e-08
0.575 7.782132e-08
0.55 7.457577e-08
0.525 7.136594e-08
0.5 6.770681e-08
0.47 6.405945e-08
0.445 6.08654e-08
0.42 5.717733e-08
0.395 5.397101e-08
0.37 5.075512e-08
0.34 4.666025e-08
0.315 4.344487e-08
0.29 4.024212e-08
0.265 3.660614e-08
0.24 3.340046e-08
0.21 2.924828e-08
0.185 2.606932e-08
0.16 2.288971e-08
0.135 1.969403e-08
0.11 1.603447e-08
0.08 1.240934e-08
0.055 8.783553e-09
0.03 5.560286e-09
0.005 2.362685e-09
-0.02 -2.625495e-09
-0.05 -6.227728e-09
-0.075 -9.835692e-09
-0.1 -1.305264e-08
