Thu May  7 02:39:44 2026
-0.1 -4.428019e-09
-0.075 -3.22697e-09
-0.05 -1.895034e-09
-0.02 -5.694524e-10
0.005 1.182054e-09
0.03 2.334745e-09
0.055 3.497494e-09
0.08 4.774651e-09
0.11 6.098106e-09
0.135 7.404807e-09
0.16 8.532794e-09
0.185 9.671814e-09
0.21 1.07956e-08
0.24 1.22897e-08
0.265 1.339011e-08
0.29 1.470791e-08
0.315 1.581667e-08
0.34 1.698278e-08
0.37 1.840641e-08
0.395 1.953947e-08
0.42 2.064865e-08
0.445 2.195827e-08
0.47 2.30944e-08
0.5 2.437312e-08
0.525 2.565987e-08
0.55 2.682479e-08
0.575 2.794757e-08
0.6 2.928838e-08
0.63 3.053996e-08
0.655 3.175348e-08
0.68 3.302933e-08
0.705 3.411093e-08
0.73 3.524281e-08
0.76 3.669351e-08
0.785 3.783661e-08
0.81 3.900076e-08
0.835 4.027142e-08
0.86 4.138016e-08
0.89 4.283793e-08
0.915 4.402903e-08
0.94 4.511539e-08
0.965 4.626365e-08
0.99 4.753787e-08
1.02 4.884914e-08
1.045 5.015121e-08
1.07 5.130183e-08
1.095 5.242264e-08
1.12 5.356436e-08
1.15 5.500155e-08
1.175 5.612934e-08
1.175 5.609876e-08
1.15 5.492292e-08
1.12 5.34e-08
1.095 5.228351e-08
1.07 5.112484e-08
1.045 4.990165e-08
1.02 4.856632e-08
0.99 4.721725e-08
0.965 4.590961e-08
0.94 4.47419e-08
0.915 4.357891e-08
0.89 4.240081e-08
0.86 4.093088e-08
0.835 3.983645e-08
0.81 3.84669e-08
0.785 3.734678e-08
0.76 3.619425e-08
0.73 3.470259e-08
0.705 3.357023e-08
0.68 3.244047e-08
0.655 3.113819e-08
0.63 2.995507e-08
0.6 2.867037e-08
0.575 2.735524e-08
0.55 2.620415e-08
0.525 2.504958e-08
0.5 2.377823e-08
0.47 2.245924e-08
0.445 2.130907e-08
0.42 2.00113e-08
0.395 1.887036e-08
0.37 1.771749e-08
0.34 1.624845e-08
0.315 1.511889e-08
0.29 1.402589e-08
0.265 1.268901e-08
0.24 1.155147e-08
0.21 1.009866e-08
0.185 8.938317e-09
0.16 7.78588e-09
0.135 6.640295e-09
0.11 5.404076e-09
0.08 4.080002e-09
0.055 2.782133e-09
0.03 1.650697e-09
0.005 5.504787e-10
-0.02 -1.243815e-09
-0.05 -2.530681e-09
-0.075 -3.821252e-09
-0.1 -5.013672e-09
