Thu May  7 04:31:37 2026
-0.1 -1.373335e-08
-0.075 -1.022181e-08
-0.05 -6.30159e-09
-0.02 -2.38477e-09
0.005 2.86482e-09
0.03 6.210659e-09
0.055 9.619873e-09
0.08 1.353158e-08
0.11 1.741212e-08
0.135 2.129178e-08
0.16 2.468633e-08
0.185 2.808304e-08
0.21 3.146513e-08
0.24 3.585025e-08
0.265 3.925096e-08
0.29 4.311643e-08
0.315 4.650089e-08
0.34 4.989468e-08
0.37 5.425885e-08
0.395 5.762858e-08
0.42 6.10092e-08
0.445 6.487603e-08
0.47 6.827418e-08
0.5 7.217366e-08
0.525 7.603682e-08
0.55 7.941745e-08
0.575 8.28293e-08
0.6 8.674865e-08
0.63 9.061445e-08
0.655 9.399442e-08
0.68 9.790296e-08
0.705 1.012775e-07
0.73 1.046819e-07
0.76 1.090572e-07
0.785 1.124591e-07
0.81 1.157868e-07
0.835 1.196764e-07
0.86 1.230868e-07
0.89 1.274306e-07
0.915 1.308678e-07
0.94 1.342761e-07
0.965 1.376582e-07
0.99 1.415426e-07
1.02 1.454156e-07
1.045 1.493543e-07
1.07 1.527597e-07
1.095 1.561345e-07
1.12 1.595573e-07
1.15 1.639004e-07
1.175 1.673125e-07
1.175 1.672192e-07
1.15 1.637786e-07
1.12 1.593452e-07
1.095 1.558571e-07
1.07 1.524379e-07
1.045 1.48959e-07
1.02 1.449866e-07
0.99 1.411596e-07
0.965 1.371694e-07
0.94 1.337339e-07
0.915 1.303002e-07
0.89 1.269181e-07
0.86 1.225052e-07
0.835 1.190636e-07
0.81 1.152027e-07
0.785 1.117829e-07
0.76 1.083627e-07
0.73 1.039792e-07
0.705 1.005259e-07
0.68 9.714242e-08
0.655 9.326203e-08
0.63 8.98341e-08
0.6 8.591232e-08
0.575 8.201476e-08
0.55 7.861497e-08
0.525 7.522957e-08
0.5 7.13196e-08
0.47 6.743028e-08
0.445 6.404427e-08
0.42 6.015875e-08
0.395 5.675587e-08
0.37 5.333795e-08
0.34 4.899046e-08
0.315 4.561771e-08
0.29 4.225148e-08
0.265 3.834334e-08
0.24 3.493799e-08
0.21 3.059422e-08
0.185 2.720853e-08
0.16 2.381076e-08
0.135 2.041711e-08
0.11 1.65714e-08
0.08 1.269734e-08
0.055 8.839641e-09
0.03 5.452558e-09
0.005 2.067454e-09
-0.02 -3.15888e-09
-0.05 -7.004691e-09
-0.075 -1.087581e-08
-0.1 -1.424617e-08
