Wed May  6 19:33:26 2026
-0.1 -4.491942e-08
-0.075 -3.380482e-08
-0.05 -2.163484e-08
-0.02 -9.450887e-09
0.005 7.417674e-09
0.03 1.773682e-08
0.055 2.828526e-08
0.08 4.03506e-08
0.11 5.235615e-08
0.135 6.431741e-08
0.16 7.484234e-08
0.185 8.539551e-08
0.21 9.591751e-08
0.24 1.094439e-07
0.265 1.199658e-07
0.29 1.3201e-07
0.315 1.430966e-07
0.34 1.528911e-07
0.37 1.665255e-07
0.395 1.76964e-07
0.42 1.874095e-07
0.445 1.996747e-07
0.47 2.102373e-07
0.5 2.222699e-07
0.525 2.342429e-07
0.55 2.448332e-07
0.575 2.553896e-07
0.6 2.674908e-07
0.63 2.796487e-07
0.655 2.90783e-07
0.68 3.031894e-07
0.705 3.136051e-07
0.73 3.240054e-07
0.76 3.369159e-07
0.785 3.476995e-07
0.81 3.586407e-07
0.835 3.705784e-07
0.86 3.813468e-07
0.89 3.94866e-07
0.915 4.054132e-07
0.94 4.16248e-07
0.965 4.2689e-07
0.99 4.391362e-07
1.02 4.516317e-07
1.045 4.641051e-07
1.07 4.749002e-07
1.095 4.856788e-07
1.12 4.963906e-07
1.15 5.104146e-07
1.175 5.211332e-07
1.175 5.210399e-07
1.15 5.096641e-07
1.12 4.95681e-07
1.095 4.847784e-07
1.07 4.747861e-07
1.045 4.670804e-07
1.02 4.553849e-07
0.99 4.431656e-07
0.965 4.308016e-07
0.94 4.201124e-07
0.915 4.094983e-07
0.89 3.983984e-07
0.86 3.844011e-07
0.835 3.735896e-07
0.81 3.613655e-07
0.785 3.517276e-07
0.76 3.401826e-07
0.73 3.260871e-07
0.705 3.150476e-07
0.68 3.048458e-07
0.655 2.914226e-07
0.63 2.800803e-07
0.6 2.676279e-07
0.575 2.563163e-07
0.55 2.452427e-07
0.525 2.343732e-07
0.5 2.219971e-07
0.47 2.095901e-07
0.445 1.990183e-07
0.42 1.86423e-07
0.395 1.758041e-07
0.37 1.651101e-07
0.34 1.512298e-07
0.315 1.40692e-07
0.29 1.299299e-07
0.265 1.177048e-07
0.24 1.07075e-07
0.21 9.335508e-08
0.185 8.278972e-08
0.16 7.23746e-08
0.135 6.13766e-08
0.11 4.931342e-08
0.08 3.739781e-08
0.055 2.548273e-08
0.03 1.499661e-08
0.005 4.618341e-09
-0.02 -1.191308e-08
-0.05 -2.385477e-08
-0.075 -3.579508e-08
-0.1 -4.619762e-08
