Thu May  7 09:08:22 2026
-0.1 -1.554192e-09
-0.075 -1.130272e-09
-0.05 -7.209999e-10
-0.02 -3.332315e-10
0.005 2.645056e-10
0.03 6.320723e-10
0.055 9.908857e-10
0.08 1.398218e-09
0.11 1.827052e-09
0.135 2.233204e-09
0.16 2.565176e-09
0.185 2.964341e-09
0.21 3.323197e-09
0.24 3.769496e-09
0.265 4.146699e-09
0.29 4.573804e-09
0.315 4.904637e-09
0.34 5.240767e-09
0.37 5.741005e-09
0.395 6.098612e-09
0.42 6.449e-09
0.445 6.867866e-09
0.47 7.243181e-09
0.5 7.655011e-09
0.525 8.033985e-09
0.55 8.413874e-09
0.575 8.761001e-09
0.6 9.201279e-09
0.63 9.596135e-09
0.655 9.928026e-09
0.68 1.035737e-08
0.705 1.071867e-08
0.73 1.104188e-08
0.76 1.15425e-08
0.785 1.189072e-08
0.81 1.223707e-08
0.835 1.266326e-08
0.86 1.303646e-08
0.89 1.346618e-08
0.915 1.38507e-08
0.94 1.422908e-08
0.965 1.454737e-08
0.99 1.497542e-08
1.02 1.5404e-08
1.045 1.580328e-08
1.07 1.615303e-08
1.095 1.653936e-08
1.12 1.688508e-08
1.15 1.735229e-08
1.175 1.771463e-08
1.175 1.769169e-08
1.15 1.730674e-08
1.12 1.682443e-08
1.095 1.645884e-08
1.07 1.609938e-08
1.045 1.573019e-08
1.02 1.531179e-08
0.99 1.488001e-08
0.965 1.445605e-08
0.94 1.411328e-08
0.915 1.372677e-08
0.89 1.338636e-08
0.86 1.292116e-08
0.835 1.252868e-08
0.81 1.209389e-08
0.785 1.176923e-08
0.76 1.139278e-08
0.73 1.089397e-08
0.705 1.055577e-08
0.68 1.018277e-08
0.655 9.751293e-09
0.63 9.414908e-09
0.6 8.973672e-09
0.575 8.579077e-09
0.55 8.234789e-09
0.525 7.856867e-09
0.5 7.455168e-09
0.47 7.054872e-09
0.445 6.693352e-09
0.42 6.240414e-09
0.395 5.896747e-09
0.37 5.551188e-09
0.34 5.076943e-09
0.315 4.696133e-09
0.29 4.378974e-09
0.265 3.942822e-09
0.24 3.571974e-09
0.21 3.090238e-09
0.185 2.754362e-09
0.16 2.394539e-09
0.135 2.033789e-09
0.11 1.619556e-09
0.08 1.199853e-09
0.055 7.93279e-10
0.03 4.45532e-10
0.005 9.235726e-11
-0.02 -4.778341e-10
-0.05 -8.855078e-10
-0.075 -1.301344e-09
-0.1 -1.659066e-09
