Wed May  6 18:11:31 2026
-0.1 -1.931614e-07
-0.075 -1.461778e-07
-0.05 -9.289989e-08
-0.02 -3.969674e-08
0.005 3.374419e-08
0.03 7.990368e-08
0.055 1.256563e-07
0.08 1.787743e-07
0.11 2.317227e-07
0.135 2.845659e-07
0.16 3.307816e-07
0.185 3.767281e-07
0.21 4.231018e-07
0.24 4.824666e-07
0.265 5.285831e-07
0.29 5.816263e-07
0.315 6.280553e-07
0.34 6.739173e-07
0.37 7.330574e-07
0.395 7.791717e-07
0.42 8.252937e-07
0.445 8.780971e-07
0.47 9.239947e-07
0.5 9.737345e-07
0.525 1.026586e-06
0.55 1.072668e-06
0.575 1.118712e-06
0.6 1.170139e-06
0.63 1.223164e-06
0.655 1.269357e-06
0.68 1.322292e-06
0.705 1.36776e-06
0.73 1.413975e-06
0.76 1.473379e-06
0.785 1.519288e-06
0.81 1.56506e-06
0.835 1.61746e-06
0.86 1.663365e-06
0.89 1.721223e-06
0.915 1.767328e-06
0.94 1.813306e-06
0.965 1.858749e-06
0.99 1.911056e-06
1.02 1.963993e-06
1.045 2.017036e-06
1.07 2.062461e-06
1.095 2.108555e-06
1.12 2.154187e-06
1.15 2.213624e-06
1.175 2.258881e-06
1.175 2.258242e-06
1.15 2.211079e-06
1.12 2.150854e-06
1.095 2.104939e-06
1.07 2.059068e-06
1.045 2.012035e-06
1.02 1.959407e-06
0.99 1.906589e-06
0.965 1.862219e-06
0.94 1.822006e-06
0.915 1.779546e-06
0.89 1.731539e-06
0.86 1.674415e-06
0.835 1.624905e-06
0.81 1.572568e-06
0.785 1.525039e-06
0.76 1.479854e-06
0.73 1.415762e-06
0.705 1.372611e-06
0.68 1.325657e-06
0.655 1.273378e-06
0.63 1.226303e-06
0.6 1.17332e-06
0.575 1.117945e-06
0.55 1.073534e-06
0.525 1.026823e-06
0.5 9.781771e-07
0.47 9.227841e-07
0.445 8.746167e-07
0.42 8.21348e-07
0.395 7.766906e-07
0.37 7.309241e-07
0.34 6.703082e-07
0.315 6.256993e-07
0.29 5.793774e-07
0.265 5.252599e-07
0.24 4.824761e-07
0.21 4.22368e-07
0.185 3.752489e-07
0.16 3.292299e-07
0.135 2.822933e-07
0.11 2.295402e-07
0.08 1.763573e-07
0.055 1.234378e-07
0.03 7.760114e-08
0.005 3.12121e-08
-0.02 -4.215181e-08
-0.05 -9.54286e-08
-0.075 -1.475284e-07
-0.1 -1.937857e-07
