Wed May  6 18:18:06 2026
-0.1 -8.519827e-08
-0.075 -6.593832e-08
-0.05 -4.432152e-08
-0.02 -2.281798e-08
0.005 7.279212e-09
0.03 2.542664e-08
0.055 4.431643e-08
0.08 6.561783e-08
0.11 8.695731e-08
0.135 1.082969e-07
0.16 1.268159e-07
0.185 1.457333e-07
0.21 1.642818e-07
0.24 1.885389e-07
0.265 2.072212e-07
0.29 2.288841e-07
0.315 2.474805e-07
0.34 2.663442e-07
0.37 2.90358e-07
0.395 3.092137e-07
0.42 3.282484e-07
0.445 3.498699e-07
0.47 3.687766e-07
0.5 3.904635e-07
0.525 4.118816e-07
0.55 4.310239e-07
0.575 4.501572e-07
0.6 4.717099e-07
0.63 4.934723e-07
0.655 5.124265e-07
0.68 5.345331e-07
0.705 5.540554e-07
0.73 5.728415e-07
0.76 5.971714e-07
0.785 6.170514e-07
0.81 6.366868e-07
0.835 6.585444e-07
0.86 6.777152e-07
0.89 7.032033e-07
0.915 7.230578e-07
0.94 7.424375e-07
0.965 7.600618e-07
0.99 7.818581e-07
1.02 8.039049e-07
1.045 8.262884e-07
1.07 8.464546e-07
1.095 8.654981e-07
1.12 8.867609e-07
1.15 9.114941e-07
1.175 9.30993e-07
1.175 9.322953e-07
1.15 9.129644e-07
1.12 8.878062e-07
1.095 8.684288e-07
1.07 8.491584e-07
1.045 8.289556e-07
1.02 8.058605e-07
0.99 7.830061e-07
0.965 7.625119e-07
0.94 7.436064e-07
0.915 7.246604e-07
0.89 7.053773e-07
0.86 6.796665e-07
0.835 6.6102e-07
0.81 6.389921e-07
0.785 6.203171e-07
0.76 6.014074e-07
0.73 5.733407e-07
0.705 5.534012e-07
0.68 5.343782e-07
0.655 5.123504e-07
0.63 4.933228e-07
0.6 4.71563e-07
0.575 4.496349e-07
0.55 4.305869e-07
0.525 4.11518e-07
0.5 3.895199e-07
0.47 3.674028e-07
0.445 3.484008e-07
0.42 3.268445e-07
0.395 3.079859e-07
0.37 2.892324e-07
0.34 2.649397e-07
0.315 2.461973e-07
0.29 2.272499e-07
0.265 2.06119e-07
0.24 1.875846e-07
0.21 1.633994e-07
0.185 1.442744e-07
0.16 1.25804e-07
0.135 1.071465e-07
0.11 8.575149e-08
0.08 6.448719e-08
0.055 4.331836e-08
0.03 2.472881e-08
0.005 6.333186e-09
-0.02 -2.340972e-08
-0.05 -4.444543e-08
-0.075 -6.520942e-08
-0.1 -8.350382e-08
