Wed May  6 23:24:52 2026
-0.1 -9.122513e-09
-0.075 -6.703238e-09
-0.05 -3.966063e-09
-0.02 -1.305765e-09
0.005 2.277895e-09
0.03 4.531852e-09
0.055 6.806886e-09
0.08 9.506976e-09
0.11 1.219739e-08
0.135 1.473862e-08
0.16 1.704721e-08
0.185 1.940299e-08
0.21 2.162145e-08
0.24 2.454068e-08
0.265 2.686685e-08
0.29 2.955113e-08
0.315 3.176703e-08
0.34 3.406526e-08
0.37 3.705065e-08
0.395 3.928119e-08
0.42 4.157206e-08
0.445 4.424222e-08
0.47 4.654899e-08
0.5 4.911042e-08
0.525 5.176224e-08
0.55 5.403955e-08
0.575 5.631684e-08
0.6 5.906878e-08
0.63 6.154968e-08
0.655 6.388876e-08
0.68 6.659381e-08
0.705 6.879667e-08
0.73 7.101887e-08
0.76 7.403925e-08
0.785 7.638106e-08
0.81 7.859823e-08
0.835 8.122493e-08
0.86 8.354257e-08
0.89 8.650065e-08
0.915 8.871688e-08
0.94 9.115601e-08
0.965 9.34558e-08
0.99 9.606719e-08
1.02 9.864775e-08
1.045 1.014637e-07
1.07 1.036567e-07
1.095 1.059673e-07
1.12 1.082457e-07
1.15 1.111757e-07
1.175 1.134616e-07
1.175 1.132096e-07
1.15 1.10784e-07
1.12 1.077213e-07
1.095 1.053635e-07
1.07 1.029658e-07
1.045 1.00528e-07
1.02 9.782559e-08
0.99 9.512524e-08
0.965 9.236575e-08
0.94 9.008306e-08
0.915 8.770755e-08
0.89 8.520328e-08
0.86 8.213402e-08
0.835 7.987508e-08
0.81 7.717131e-08
0.785 7.489767e-08
0.76 7.253747e-08
0.73 6.951602e-08
0.705 6.723082e-08
0.68 6.489234e-08
0.655 6.230825e-08
0.63 5.999666e-08
0.6 5.733794e-08
0.575 5.467903e-08
0.55 5.236614e-08
0.525 5.009226e-08
0.5 4.743769e-08
0.47 4.483628e-08
0.445 4.255505e-08
0.42 3.996104e-08
0.395 3.763638e-08
0.37 3.535577e-08
0.34 3.249887e-08
0.315 3.016005e-08
0.29 2.788143e-08
0.265 2.53355e-08
0.24 2.303721e-08
0.21 2.007582e-08
0.185 1.784347e-08
0.16 1.560967e-08
0.135 1.33386e-08
0.11 1.078216e-08
0.08 8.199777e-09
0.055 5.613264e-09
0.03 3.32648e-09
0.005 1.105048e-09
-0.02 -2.432415e-09
-0.05 -4.948569e-09
-0.075 -7.583363e-09
-0.1 -9.820592e-09
