Thu May  7 02:38:39 2026
-0.1 -4.780063e-09
-0.075 -3.496311e-09
-0.05 -2.136264e-09
-0.02 -7.840006e-10
0.005 1.027664e-09
0.03 2.194746e-09
0.055 3.342431e-09
0.08 4.672867e-09
0.11 5.988778e-09
0.135 7.311438e-09
0.16 8.476584e-09
0.185 9.625322e-09
0.21 1.077182e-08
0.24 1.228468e-08
0.265 1.344583e-08
0.29 1.478825e-08
0.315 1.59203e-08
0.34 1.711728e-08
0.37 1.861835e-08
0.395 1.974183e-08
0.42 2.090778e-08
0.445 2.219104e-08
0.47 2.338994e-08
0.5 2.473332e-08
0.525 2.607631e-08
0.55 2.721687e-08
0.575 2.839306e-08
0.6 2.967446e-08
0.63 3.106652e-08
0.655 3.222371e-08
0.68 3.354309e-08
0.705 3.471437e-08
0.73 3.591533e-08
0.76 3.74012e-08
0.785 3.857055e-08
0.81 3.972917e-08
0.835 4.105716e-08
0.86 4.221903e-08
0.89 4.37635e-08
0.915 4.490877e-08
0.94 4.606762e-08
0.965 4.726163e-08
0.99 4.859163e-08
1.02 4.99274e-08
1.045 5.126979e-08
1.07 5.244419e-08
1.095 5.356798e-08
1.12 5.47555e-08
1.15 5.626648e-08
1.175 5.73661e-08
1.175 5.735425e-08
1.15 5.610854e-08
1.12 5.451243e-08
1.095 5.329328e-08
1.07 5.207778e-08
1.045 5.089221e-08
1.02 4.949637e-08
0.99 4.818234e-08
0.965 4.673909e-08
0.94 4.555813e-08
0.915 4.43518e-08
0.89 4.316471e-08
0.86 4.163533e-08
0.835 4.044024e-08
0.81 3.907434e-08
0.785 3.789485e-08
0.76 3.672144e-08
0.73 3.517414e-08
0.705 3.400812e-08
0.68 3.283176e-08
0.655 3.146497e-08
0.63 3.030944e-08
0.6 2.897767e-08
0.575 2.762446e-08
0.55 2.645823e-08
0.525 2.527182e-08
0.5 2.395146e-08
0.47 2.260421e-08
0.445 2.146979e-08
0.42 2.008772e-08
0.395 1.894357e-08
0.37 1.780089e-08
0.34 1.628229e-08
0.315 1.511945e-08
0.29 1.399305e-08
0.265 1.267176e-08
0.24 1.151045e-08
0.21 1.000741e-08
0.185 8.896868e-09
0.16 7.696376e-09
0.135 6.558878e-09
0.11 5.244937e-09
0.08 3.927333e-09
0.055 2.609484e-09
0.03 1.462935e-09
0.005 3.072586e-10
-0.02 -1.466361e-09
-0.05 -2.791562e-09
-0.075 -4.110114e-09
-0.1 -5.239838e-09
