Thu May  7 01:20:03 2026
-0.1 -8.301575e-09
-0.075 -6.268812e-09
-0.05 -3.965767e-09
-0.02 -1.682717e-09
0.005 1.383868e-09
0.03 3.365823e-09
0.055 5.319038e-09
0.08 7.599086e-09
0.11 9.835663e-09
0.135 1.20943e-08
0.16 1.406819e-08
0.185 1.602681e-08
0.21 1.801268e-08
0.24 2.057505e-08
0.265 2.256601e-08
0.29 2.478613e-08
0.315 2.673361e-08
0.34 2.869661e-08
0.37 3.124197e-08
0.395 3.320093e-08
0.42 3.518715e-08
0.445 3.742557e-08
0.47 3.941478e-08
0.5 4.165842e-08
0.525 4.39023e-08
0.55 4.585131e-08
0.575 4.783357e-08
0.6 5.008134e-08
0.63 5.236934e-08
0.655 5.434803e-08
0.68 5.655542e-08
0.705 5.855417e-08
0.73 6.052125e-08
0.76 6.304602e-08
0.785 6.503924e-08
0.81 6.702787e-08
0.835 6.922659e-08
0.86 7.122289e-08
0.89 7.381697e-08
0.915 7.573888e-08
0.94 7.769089e-08
0.965 7.96517e-08
0.99 8.188427e-08
1.02 8.41349e-08
1.045 8.644326e-08
1.07 8.844135e-08
1.095 9.037883e-08
1.12 9.238044e-08
1.15 9.493206e-08
1.175 9.689617e-08
1.175 9.683601e-08
1.15 9.476683e-08
1.12 9.2142e-08
1.095 9.012125e-08
1.07 8.815074e-08
1.045 8.611308e-08
1.02 8.377589e-08
0.99 8.149213e-08
0.965 7.921199e-08
0.94 7.722893e-08
0.915 7.519324e-08
0.89 7.321868e-08
0.86 7.061701e-08
0.835 6.865475e-08
0.81 6.635604e-08
0.785 6.440814e-08
0.76 6.242803e-08
0.73 5.98437e-08
0.705 5.786304e-08
0.68 5.588022e-08
0.655 5.357541e-08
0.63 5.163925e-08
0.6 4.934605e-08
0.575 4.708934e-08
0.55 4.513568e-08
0.525 4.317446e-08
0.5 4.092141e-08
0.47 3.864983e-08
0.445 3.665992e-08
0.42 3.442985e-08
0.395 3.244053e-08
0.37 3.044324e-08
0.34 2.793386e-08
0.315 2.600443e-08
0.29 2.40132e-08
0.265 2.175907e-08
0.24 1.980895e-08
0.21 1.726598e-08
0.185 1.527526e-08
0.16 1.333017e-08
0.135 1.136321e-08
0.11 9.145482e-09
0.08 6.900821e-09
0.055 4.650558e-09
0.03 2.707572e-09
0.005 7.213654e-10
-0.02 -2.30856e-09
-0.05 -4.535133e-09
-0.075 -6.796093e-09
-0.1 -8.730846e-09
