Thu May  7 08:28:31 2026
-0.1 -2.303966e-09
-0.075 -1.641553e-09
-0.05 -9.047811e-10
-0.02 -2.552065e-10
0.005 6.705315e-10
0.03 1.284599e-09
0.055 1.868579e-09
0.08 2.566598e-09
0.11 3.217908e-09
0.135 3.877713e-09
0.16 4.484884e-09
0.185 5.068776e-09
0.21 5.641057e-09
0.24 6.415708e-09
0.265 7.045303e-09
0.29 7.664042e-09
0.315 8.214391e-09
0.34 8.837977e-09
0.37 9.614968e-09
0.395 1.016744e-08
0.42 1.070113e-08
0.445 1.141729e-08
0.47 1.198975e-08
0.5 1.264024e-08
0.525 1.333355e-08
0.55 1.393829e-08
0.575 1.449124e-08
0.6 1.520037e-08
0.63 1.582307e-08
0.655 1.64188e-08
0.68 1.713705e-08
0.705 1.765428e-08
0.73 1.826839e-08
0.76 1.904495e-08
0.785 1.961033e-08
0.81 2.015824e-08
0.835 2.087802e-08
0.86 2.148059e-08
0.89 2.219674e-08
0.915 2.282562e-08
0.94 2.346023e-08
0.965 2.398867e-08
0.99 2.467624e-08
1.02 2.539106e-08
1.045 2.604687e-08
1.07 2.660971e-08
1.095 2.724849e-08
1.12 2.782646e-08
1.15 2.860167e-08
1.175 2.920592e-08
1.175 2.916868e-08
1.15 2.845555e-08
1.12 2.771487e-08
1.095 2.710128e-08
1.07 2.646301e-08
1.045 2.586904e-08
1.02 2.521807e-08
0.99 2.446861e-08
0.965 2.37902e-08
0.94 2.327493e-08
0.915 2.260072e-08
0.89 2.198148e-08
0.86 2.123759e-08
0.835 2.061729e-08
0.81 1.986557e-08
0.785 1.934745e-08
0.76 1.882984e-08
0.73 1.796867e-08
0.705 1.739021e-08
0.68 1.681729e-08
0.655 1.610142e-08
0.63 1.546372e-08
0.6 1.4841e-08
0.575 1.410593e-08
0.55 1.356684e-08
0.525 1.302785e-08
0.5 1.228809e-08
0.47 1.16574e-08
0.445 1.109882e-08
0.42 1.035626e-08
0.395 9.732504e-09
0.37 9.189602e-09
0.34 8.452653e-09
0.315 7.82588e-09
0.29 7.231262e-09
0.265 6.568788e-09
0.24 5.948837e-09
0.21 5.184578e-09
0.185 4.624462e-09
0.16 4.040098e-09
0.135 3.416478e-09
0.11 2.71922e-09
0.08 2.057348e-09
0.055 1.424221e-09
0.03 7.934872e-10
0.005 1.771472e-10
-0.02 -7.150214e-10
-0.05 -1.372424e-09
-0.075 -2.062611e-09
-0.1 -2.645567e-09
