Thu May  7 08:31:48 2026
-0.1 -1.360094e-09
-0.075 -9.099574e-10
-0.05 -5.823711e-10
-0.02 -1.076578e-10
0.005 5.057895e-10
0.03 7.704703e-10
0.055 1.026483e-09
0.08 1.498574e-09
0.11 1.884698e-09
0.135 2.246079e-09
0.16 2.619453e-09
0.185 3.039787e-09
0.21 3.289906e-09
0.24 3.723624e-09
0.265 4.153002e-09
0.29 4.45766e-09
0.315 4.761725e-09
0.34 5.175672e-09
0.37 5.559642e-09
0.395 5.858531e-09
0.42 6.284634e-09
0.445 6.624801e-09
0.47 6.879338e-09
0.5 7.370036e-09
0.525 7.739159e-09
0.55 7.983676e-09
0.575 8.403929e-09
0.6 8.818049e-09
0.63 9.30086e-09
0.655 9.535788e-09
0.68 9.96155e-09
0.705 1.035967e-08
0.73 1.061105e-08
0.76 1.105054e-08
0.785 1.144929e-08
0.81 1.168262e-08
0.835 1.210425e-08
0.86 1.242737e-08
0.89 1.279834e-08
0.915 1.323834e-08
0.94 1.355007e-08
0.965 1.388414e-08
0.99 1.436144e-08
1.02 1.466745e-08
1.045 1.509716e-08
1.07 1.546947e-08
1.095 1.566966e-08
1.12 1.60852e-08
1.15 1.650764e-08
1.175 1.677452e-08
1.175 1.687851e-08
1.15 1.646988e-08
1.12 1.602347e-08
1.095 1.57549e-08
1.07 1.529523e-08
1.045 1.497557e-08
1.02 1.455142e-08
0.99 1.410311e-08
0.965 1.381428e-08
0.94 1.341596e-08
0.915 1.301164e-08
0.89 1.27575e-08
0.86 1.229895e-08
0.835 1.188013e-08
0.81 1.162298e-08
0.785 1.124124e-08
0.76 1.089526e-08
0.73 1.051671e-08
0.705 1.007003e-08
0.68 9.782586e-09
0.655 9.36953e-09
0.63 8.981755e-09
0.6 8.648118e-09
0.575 8.180904e-09
0.55 7.956784e-09
0.525 7.554765e-09
0.5 7.134252e-09
0.47 6.846734e-09
0.445 6.427324e-09
0.42 5.970465e-09
0.395 5.731699e-09
0.37 5.364218e-09
0.34 4.868564e-09
0.315 4.615873e-09
0.29 4.254503e-09
0.265 3.794526e-09
0.24 3.551476e-09
0.21 3.100925e-09
0.185 2.734412e-09
0.16 2.447764e-09
0.135 2.170922e-09
0.11 1.70388e-09
0.08 1.282286e-09
0.055 9.529706e-10
0.03 6.009319e-10
0.005 2.091281e-10
-0.02 -2.431282e-10
-0.05 -6.046344e-10
-0.075 -1.039031e-09
-0.1 -1.328994e-09
