Thu May  7 02:40:50 2026
-0.1 -3.189472e-09
-0.075 -2.32093e-09
-0.05 -1.37874e-09
-0.02 -4.101203e-10
0.005 8.39567e-10
0.03 1.654357e-09
0.055 2.493721e-09
0.08 3.443666e-09
0.11 4.37881e-09
0.135 5.30919e-09
0.16 6.130799e-09
0.185 6.955856e-09
0.21 7.769759e-09
0.24 8.821888e-09
0.265 9.633011e-09
0.29 1.058212e-08
0.315 1.142988e-08
0.34 1.220845e-08
0.37 1.325607e-08
0.395 1.408975e-08
0.42 1.4888e-08
0.445 1.582844e-08
0.47 1.664083e-08
0.5 1.757302e-08
0.525 1.849331e-08
0.55 1.931688e-08
0.575 2.01366e-08
0.6 2.109623e-08
0.63 2.201426e-08
0.655 2.283084e-08
0.68 2.377872e-08
0.705 2.459394e-08
0.73 2.539211e-08
0.76 2.646741e-08
0.785 2.724844e-08
0.81 2.80733e-08
0.835 2.900809e-08
0.86 2.981819e-08
0.89 3.088559e-08
0.915 3.17084e-08
0.94 3.249656e-08
0.965 3.334154e-08
0.99 3.427124e-08
1.02 3.518589e-08
1.045 3.61788e-08
1.07 3.695321e-08
1.095 3.77628e-08
1.12 3.861386e-08
1.15 3.966013e-08
1.175 4.047745e-08
1.175 4.047237e-08
1.15 3.958621e-08
1.12 3.851607e-08
1.095 3.7672e-08
1.07 3.683019e-08
1.045 3.599365e-08
1.02 3.500502e-08
0.99 3.403474e-08
0.965 3.311706e-08
0.94 3.22938e-08
0.915 3.14365e-08
0.89 3.063078e-08
0.86 2.954475e-08
0.835 2.870295e-08
0.81 2.777451e-08
0.785 2.695123e-08
0.76 2.61312e-08
0.73 2.505583e-08
0.705 2.423719e-08
0.68 2.339864e-08
0.655 2.249638e-08
0.63 2.163782e-08
0.6 2.068945e-08
0.575 1.97218e-08
0.55 1.892437e-08
0.525 1.811439e-08
0.5 1.711082e-08
0.47 1.621306e-08
0.445 1.539995e-08
0.42 1.442794e-08
0.395 1.364716e-08
0.37 1.28205e-08
0.34 1.17539e-08
0.315 1.095401e-08
0.29 1.013868e-08
0.265 9.188556e-09
0.24 8.393659e-09
0.21 7.339283e-09
0.185 6.494495e-09
0.16 5.684839e-09
0.135 4.861713e-09
0.11 3.928679e-09
0.08 2.999224e-09
0.055 2.075152e-09
0.03 1.250895e-09
0.005 4.431339e-10
-0.02 -8.393405e-10
-0.05 -1.767895e-09
-0.075 -2.685718e-09
-0.1 -3.530776e-09
