Thu May  7 03:58:20 2026
-0.1 -2.775566e-09
-0.075 -2.035468e-09
-0.05 -1.208463e-09
-0.02 -4.088151e-10
0.005 6.992301e-10
0.03 1.401791e-09
0.055 2.109572e-09
0.08 2.913377e-09
0.11 3.718402e-09
0.135 4.520229e-09
0.16 5.226457e-09
0.185 5.934786e-09
0.21 6.621611e-09
0.24 7.536711e-09
0.265 8.226476e-09
0.29 9.045905e-09
0.315 9.749268e-09
0.34 1.044674e-08
0.37 1.131816e-08
0.395 1.202429e-08
0.42 1.273646e-08
0.445 1.351195e-08
0.47 1.420786e-08
0.5 1.501447e-08
0.525 1.583297e-08
0.55 1.653288e-08
0.575 1.722913e-08
0.6 1.807804e-08
0.63 1.88391e-08
0.655 1.951536e-08
0.68 2.032973e-08
0.705 2.103694e-08
0.73 2.173154e-08
0.76 2.263639e-08
0.785 2.335069e-08
0.81 2.403535e-08
0.835 2.484513e-08
0.86 2.554451e-08
0.89 2.642694e-08
0.915 2.714011e-08
0.94 2.783311e-08
0.965 2.853779e-08
0.99 2.934249e-08
1.02 3.01395e-08
1.045 3.0989e-08
1.07 3.165336e-08
1.095 3.236833e-08
1.12 3.308e-08
1.15 3.396843e-08
1.175 3.467363e-08
1.175 3.464148e-08
1.15 3.385813e-08
1.12 3.297663e-08
1.095 3.223453e-08
1.07 3.148215e-08
1.045 3.081334e-08
1.02 2.995088e-08
0.99 2.915495e-08
0.965 2.834661e-08
0.94 2.762789e-08
0.915 2.689775e-08
0.89 2.620353e-08
0.86 2.527766e-08
0.835 2.457814e-08
0.81 2.375909e-08
0.785 2.305492e-08
0.76 2.235923e-08
0.73 2.141846e-08
0.705 2.071613e-08
0.68 2.000179e-08
0.655 1.919406e-08
0.63 1.848697e-08
0.6 1.768577e-08
0.575 1.687198e-08
0.55 1.617735e-08
0.525 1.545189e-08
0.5 1.465189e-08
0.47 1.387417e-08
0.445 1.314811e-08
0.42 1.233249e-08
0.395 1.166161e-08
0.37 1.092926e-08
0.34 1.003179e-08
0.315 9.359812e-09
0.29 8.608269e-09
0.265 7.769912e-09
0.24 7.117476e-09
0.21 6.221638e-09
0.185 5.502455e-09
0.16 4.778554e-09
0.135 4.11492e-09
0.11 3.312041e-09
0.08 2.489299e-09
0.055 1.714738e-09
0.03 1.034604e-09
0.005 3.032601e-10
-0.02 -7.734359e-10
-0.05 -1.589412e-09
-0.075 -2.356913e-09
-0.1 -3.075921e-09
