Wed May  6 21:25:19 2026
-0.1 -8.026622e-08
-0.075 -6.069933e-08
-0.05 -3.840641e-08
-0.02 -1.612534e-08
0.005 1.408244e-08
0.03 3.33531e-08
0.055 5.271114e-08
0.08 7.481179e-08
0.11 9.70107e-08
0.135 1.19075e-07
0.16 1.383814e-07
0.185 1.578751e-07
0.21 1.773115e-07
0.24 2.021475e-07
0.265 2.214486e-07
0.29 2.437458e-07
0.315 2.632495e-07
0.34 2.824972e-07
0.37 3.07319e-07
0.395 3.267379e-07
0.42 3.461307e-07
0.445 3.681864e-07
0.47 3.875457e-07
0.5 4.098705e-07
0.525 4.319173e-07
0.55 4.511032e-07
0.575 4.704826e-07
0.6 4.927656e-07
0.63 5.150172e-07
0.655 5.344251e-07
0.68 5.56578e-07
0.705 5.759172e-07
0.73 5.953194e-07
0.76 6.20307e-07
0.785 6.396065e-07
0.81 6.59082e-07
0.835 6.811676e-07
0.86 7.004466e-07
0.89 7.25395e-07
0.915 7.449584e-07
0.94 7.640452e-07
0.965 7.832896e-07
0.99 8.05513e-07
1.02 8.276641e-07
1.045 8.500405e-07
1.07 8.694499e-07
1.095 8.888407e-07
1.12 9.08109e-07
1.15 9.330442e-07
1.175 9.526287e-07
1.175 9.521854e-07
1.15 9.325258e-07
1.12 9.074886e-07
1.095 8.879763e-07
1.07 8.684468e-07
1.045 8.488382e-07
1.02 8.263137e-07
0.99 8.040213e-07
0.965 7.816658e-07
0.94 7.62233e-07
0.915 7.427884e-07
0.89 7.234025e-07
0.86 6.983401e-07
0.835 6.788966e-07
0.81 6.566035e-07
0.785 6.369135e-07
0.76 6.175186e-07
0.73 5.926041e-07
0.705 5.730417e-07
0.68 5.53798e-07
0.655 5.315904e-07
0.63 5.121374e-07
0.6 4.899657e-07
0.575 4.676686e-07
0.55 4.484513e-07
0.525 4.290173e-07
0.5 4.068356e-07
0.47 3.846897e-07
0.445 3.654287e-07
0.42 3.433518e-07
0.395 3.239367e-07
0.37 3.045658e-07
0.34 2.797583e-07
0.315 2.603773e-07
0.29 2.410009e-07
0.265 2.190145e-07
0.24 2.000081e-07
0.21 1.749648e-07
0.185 1.55611e-07
0.16 1.363656e-07
0.135 1.170967e-07
0.11 9.49817e-08
0.08 7.295337e-08
0.055 5.095586e-08
0.03 3.163035e-08
0.005 1.235062e-08
-0.02 -1.786918e-08
-0.05 -3.972193e-08
-0.075 -6.175004e-08
-0.1 -8.103903e-08
