Thu May  7 11:44:30 2026
-0.1 -1.04273e-09
-0.075 -7.740634e-10
-0.05 -5.13435e-10
-0.02 -2.46073e-10
0.005 1.215177e-10
0.03 3.664206e-10
0.055 5.930186e-10
0.08 8.766335e-10
0.11 1.156968e-09
0.135 1.416681e-09
0.16 1.66327e-09
0.185 1.888271e-09
0.21 2.103757e-09
0.24 2.447296e-09
0.265 2.6624e-09
0.29 2.935876e-09
0.315 3.176533e-09
0.34 3.372791e-09
0.37 3.702401e-09
0.395 3.940613e-09
0.42 4.162407e-09
0.445 4.426376e-09
0.47 4.65554e-09
0.5 4.939792e-09
0.525 5.193992e-09
0.55 5.435653e-09
0.575 5.668395e-09
0.6 5.944774e-09
0.63 6.181133e-09
0.655 6.434031e-09
0.68 6.686417e-09
0.705 6.953078e-09
0.73 7.165458e-09
0.76 7.446002e-09
0.785 7.697931e-09
0.81 7.952732e-09
0.835 8.147965e-09
0.86 8.4294e-09
0.89 8.734096e-09
0.915 8.952955e-09
0.94 9.194405e-09
0.965 9.446286e-09
0.99 9.669733e-09
1.02 9.938713e-09
1.045 1.021804e-08
1.07 1.045734e-08
1.095 1.06705e-08
1.12 1.090637e-08
1.15 1.121321e-08
1.175 1.144086e-08
1.175 1.142634e-08
1.15 1.11684e-08
1.12 1.083887e-08
1.095 1.062082e-08
1.07 1.035807e-08
1.045 1.013883e-08
1.02 9.865914e-09
0.99 9.598963e-09
0.965 9.315554e-09
0.94 9.104994e-09
0.915 8.853307e-09
0.89 8.628947e-09
0.86 8.316293e-09
0.835 8.078043e-09
0.81 7.800894e-09
0.785 7.58082e-09
0.76 7.339207e-09
0.73 7.043756e-09
0.705 6.81253e-09
0.68 6.576895e-09
0.655 6.272362e-09
0.63 6.064865e-09
0.6 5.773249e-09
0.575 5.531091e-09
0.55 5.288286e-09
0.525 5.049653e-09
0.5 4.785946e-09
0.47 4.522525e-09
0.445 4.286378e-09
0.42 3.98862e-09
0.395 3.78378e-09
0.37 3.5709e-09
0.34 3.22955e-09
0.315 3.026726e-09
0.29 2.792302e-09
0.265 2.521857e-09
0.24 2.305526e-09
0.21 2.001713e-09
0.185 1.75656e-09
0.16 1.492089e-09
0.135 1.274581e-09
0.11 1.006069e-09
0.08 7.392443e-10
0.055 5.013691e-10
0.03 2.752761e-10
0.005 2.334628e-11
-0.02 -3.541454e-10
-0.05 -5.849365e-10
-0.075 -8.825561e-10
-0.1 -1.076565e-09
