Thu May  7 04:37:05 2026
-0.1 -2.517676e-09
-0.075 -1.84323e-09
-0.05 -1.09147e-09
-0.02 -3.770418e-10
0.005 5.838914e-10
0.03 1.221315e-09
0.055 1.870772e-09
0.08 2.585287e-09
0.11 3.278551e-09
0.135 4.026561e-09
0.16 4.651108e-09
0.185 5.264625e-09
0.21 5.910009e-09
0.24 6.719326e-09
0.265 7.338905e-09
0.29 8.035667e-09
0.315 8.664633e-09
0.34 9.337435e-09
0.37 1.009941e-08
0.395 1.074047e-08
0.42 1.138572e-08
0.445 1.208145e-08
0.47 1.266006e-08
0.5 1.341699e-08
0.525 1.41201e-08
0.55 1.475177e-08
0.575 1.537268e-08
0.6 1.607188e-08
0.63 1.682066e-08
0.655 1.745301e-08
0.68 1.812309e-08
0.705 1.879632e-08
0.73 1.941028e-08
0.76 2.020625e-08
0.785 2.083969e-08
0.81 2.144185e-08
0.835 2.215085e-08
0.86 2.280303e-08
0.89 2.364327e-08
0.915 2.420964e-08
0.94 2.486454e-08
0.965 2.548974e-08
0.99 2.621663e-08
1.02 2.69327e-08
1.045 2.766151e-08
1.07 2.827535e-08
1.095 2.890133e-08
1.12 2.954773e-08
1.15 3.034355e-08
1.175 3.09806e-08
1.175 3.093536e-08
1.15 3.027627e-08
1.12 2.945958e-08
1.095 2.882042e-08
1.07 2.814741e-08
1.045 2.753501e-08
1.02 2.680083e-08
0.99 2.604528e-08
0.965 2.533214e-08
0.94 2.469881e-08
0.915 2.403564e-08
0.89 2.340918e-08
0.86 2.257456e-08
0.835 2.195134e-08
0.81 2.124499e-08
0.785 2.06297e-08
0.76 1.997482e-08
0.73 1.917767e-08
0.705 1.85329e-08
0.68 1.788312e-08
0.655 1.713625e-08
0.63 1.653207e-08
0.6 1.583969e-08
0.575 1.507924e-08
0.55 1.443368e-08
0.525 1.379706e-08
0.5 1.311456e-08
0.47 1.238188e-08
0.445 1.173712e-08
0.42 1.103523e-08
0.395 1.043589e-08
0.37 9.77052e-09
0.34 8.95805e-09
0.315 8.336481e-09
0.29 7.701833e-09
0.265 6.964478e-09
0.24 6.37721e-09
0.21 5.550262e-09
0.185 4.913769e-09
0.16 4.271458e-09
0.135 3.672118e-09
0.11 2.945067e-09
0.08 2.232192e-09
0.055 1.512799e-09
0.03 9.128285e-10
0.005 2.950134e-10
-0.02 -6.921291e-10
-0.05 -1.41729e-09
-0.075 -2.116651e-09
-0.1 -2.757516e-09
