Thu May  7 00:01:26 2026
-0.1 -2.285734e-08
-0.075 -1.727482e-08
-0.05 -1.092235e-08
-0.02 -4.647321e-09
0.005 3.828194e-09
0.03 9.362966e-09
0.055 1.492692e-08
0.08 2.12079e-08
0.11 2.751219e-08
0.135 3.382672e-08
0.16 3.926341e-08
0.185 4.473352e-08
0.21 5.031628e-08
0.24 5.735394e-08
0.265 6.275984e-08
0.29 6.913376e-08
0.315 7.456566e-08
0.34 8.0002e-08
0.37 8.71445e-08
0.395 9.261061e-08
0.42 9.801052e-08
0.445 1.043633e-07
0.47 1.098e-07
0.5 1.159644e-07
0.525 1.223387e-07
0.55 1.278278e-07
0.575 1.334169e-07
0.6 1.395472e-07
0.63 1.458643e-07
0.655 1.514195e-07
0.68 1.575563e-07
0.705 1.630613e-07
0.73 1.686011e-07
0.76 1.755241e-07
0.785 1.810938e-07
0.81 1.8651e-07
0.835 1.926637e-07
0.86 1.982017e-07
0.89 2.052763e-07
0.915 2.106354e-07
0.94 2.162349e-07
0.965 2.216081e-07
0.99 2.277232e-07
1.02 2.341559e-07
1.045 2.403922e-07
1.07 2.459608e-07
1.095 2.514528e-07
1.12 2.568167e-07
1.15 2.638648e-07
1.175 2.693074e-07
1.175 2.691736e-07
1.15 2.637007e-07
1.12 2.565562e-07
1.095 2.509522e-07
1.07 2.454115e-07
1.045 2.398898e-07
1.02 2.335521e-07
0.99 2.272594e-07
0.965 2.209147e-07
0.94 2.153942e-07
0.915 2.09938e-07
0.89 2.042939e-07
0.86 1.972263e-07
0.835 1.917321e-07
0.81 1.854053e-07
0.785 1.799608e-07
0.76 1.74459e-07
0.73 1.67334e-07
0.705 1.619437e-07
0.68 1.563947e-07
0.655 1.500732e-07
0.63 1.44715e-07
0.6 1.383786e-07
0.575 1.32021e-07
0.55 1.264695e-07
0.525 1.210761e-07
0.5 1.148022e-07
0.47 1.084692e-07
0.445 1.031033e-07
0.42 9.679606e-08
0.395 9.121516e-08
0.37 8.585292e-08
0.34 7.883054e-08
0.315 7.329853e-08
0.29 6.796434e-08
0.265 6.167495e-08
0.24 5.603405e-08
0.21 4.918266e-08
0.185 4.370015e-08
0.16 3.81708e-08
0.135 3.27492e-08
0.11 2.649161e-08
0.08 2.023292e-08
0.055 1.409527e-08
0.03 8.567326e-09
0.005 3.110654e-09
-0.02 -5.236628e-09
-0.05 -1.14274e-08
-0.075 -1.774161e-08
-0.1 -2.31065e-08
