Wed May  6 22:43:56 2026
-0.1 -3.11026e-08
-0.075 -2.360965e-08
-0.05 -1.508257e-08
-0.02 -6.525068e-09
0.005 4.959001e-09
0.03 1.234615e-08
0.055 1.979866e-08
0.08 2.831907e-08
0.11 3.678251e-08
0.135 4.528739e-08
0.16 5.268847e-08
0.185 6.009777e-08
0.21 6.748619e-08
0.24 7.70223e-08
0.265 8.445036e-08
0.29 9.290721e-08
0.315 1.003183e-07
0.34 1.07772e-07
0.37 1.172447e-07
0.395 1.245947e-07
0.42 1.320112e-07
0.445 1.404586e-07
0.47 1.478167e-07
0.5 1.562755e-07
0.525 1.647398e-07
0.55 1.722663e-07
0.575 1.794843e-07
0.6 1.879534e-07
0.63 1.964404e-07
0.655 2.0391e-07
0.68 2.123302e-07
0.705 2.196643e-07
0.73 2.270916e-07
0.76 2.365583e-07
0.785 2.438968e-07
0.81 2.513624e-07
0.835 2.597982e-07
0.86 2.671063e-07
0.89 2.765802e-07
0.915 2.840094e-07
0.94 2.914198e-07
0.965 2.987388e-07
0.99 3.072066e-07
1.02 3.157709e-07
1.045 3.240724e-07
1.07 3.315456e-07
1.095 3.390824e-07
1.12 3.463515e-07
1.15 3.558203e-07
1.175 3.632783e-07
1.175 3.632166e-07
1.15 3.556789e-07
1.12 3.460407e-07
1.095 3.385283e-07
1.07 3.310182e-07
1.045 3.236469e-07
1.02 3.150252e-07
0.99 3.065504e-07
0.965 2.980834e-07
0.94 2.906222e-07
0.915 2.83088e-07
0.89 2.757423e-07
0.86 2.662189e-07
0.835 2.587193e-07
0.81 2.502339e-07
0.785 2.428635e-07
0.76 2.354767e-07
0.73 2.259012e-07
0.705 2.185779e-07
0.68 2.111453e-07
0.655 2.025981e-07
0.63 1.952499e-07
0.6 1.868279e-07
0.575 1.782088e-07
0.55 1.708407e-07
0.525 1.634022e-07
0.5 1.549396e-07
0.47 1.464783e-07
0.445 1.391162e-07
0.42 1.307359e-07
0.395 1.233209e-07
0.37 1.160058e-07
0.34 1.064361e-07
0.315 9.90161e-08
0.29 9.174506e-08
0.265 8.321317e-08
0.24 7.586747e-08
0.21 6.634384e-08
0.185 5.898649e-08
0.16 5.160227e-08
0.135 4.421694e-08
0.11 3.580336e-08
0.08 2.738923e-08
0.055 1.896146e-08
0.03 1.156299e-08
0.005 4.218565e-09
-0.02 -7.14636e-09
-0.05 -1.551993e-08
-0.075 -2.402118e-08
-0.1 -3.134219e-08
