Thu May  7 11:39:02 2026
-0.1 -2.251352e-09
-0.075 -1.646305e-09
-0.05 -9.95512e-10
-0.02 -3.700959e-10
0.005 4.786886e-10
0.03 1.042512e-09
0.055 1.621188e-09
0.08 2.228566e-09
0.11 2.852811e-09
0.135 3.50336e-09
0.16 4.057215e-09
0.185 4.607072e-09
0.21 5.152627e-09
0.24 5.878041e-09
0.265 6.434114e-09
0.29 7.034801e-09
0.315 7.599623e-09
0.34 8.155551e-09
0.37 8.862312e-09
0.395 9.408599e-09
0.42 9.966427e-09
0.445 1.059183e-08
0.47 1.112762e-08
0.5 1.175739e-08
0.525 1.23767e-08
0.55 1.293852e-08
0.575 1.349554e-08
0.6 1.411567e-08
0.63 1.475751e-08
0.655 1.530398e-08
0.68 1.591969e-08
0.705 1.64827e-08
0.73 1.701998e-08
0.76 1.77308e-08
0.785 1.8268e-08
0.81 1.880679e-08
0.835 1.943462e-08
0.86 1.998512e-08
0.89 2.06805e-08
0.915 2.125341e-08
0.94 2.179935e-08
0.965 2.231719e-08
0.99 2.296271e-08
1.02 2.359961e-08
1.045 2.421147e-08
1.07 2.478502e-08
1.095 2.530387e-08
1.12 2.585681e-08
1.15 2.658147e-08
1.175 2.709726e-08
1.175 2.707227e-08
1.15 2.650992e-08
1.12 2.577278e-08
1.095 2.522301e-08
1.07 2.468151e-08
1.045 2.40581e-08
1.02 2.344485e-08
0.99 2.280602e-08
0.965 2.216134e-08
0.94 2.163502e-08
0.915 2.105973e-08
0.89 2.04862e-08
0.86 1.980213e-08
0.835 1.924746e-08
0.81 1.85889e-08
0.785 1.807629e-08
0.76 1.75418e-08
0.73 1.679214e-08
0.705 1.625168e-08
0.68 1.572656e-08
0.655 1.507214e-08
0.63 1.451868e-08
0.6 1.391904e-08
0.575 1.324678e-08
0.55 1.274577e-08
0.525 1.214645e-08
0.5 1.154534e-08
0.47 1.089176e-08
0.445 1.035019e-08
0.42 9.722513e-09
0.395 9.198902e-09
0.37 8.615346e-09
0.34 7.937527e-09
0.315 7.390572e-09
0.29 6.824437e-09
0.265 6.172712e-09
0.24 5.653169e-09
0.21 4.965918e-09
0.185 4.407732e-09
0.16 3.853171e-09
0.135 3.297594e-09
0.11 2.675193e-09
0.08 2.048043e-09
0.055 1.413188e-09
0.03 8.924141e-10
0.005 3.273707e-10
-0.02 -5.404951e-10
-0.05 -1.132371e-09
-0.075 -1.754461e-09
-0.1 -2.312793e-09
