Wed May  6 23:21:35 2026
-0.1 -4.819804e-08
-0.075 -3.62517e-08
-0.05 -2.283185e-08
-0.02 -9.320858e-09
0.005 8.870021e-09
0.03 2.056442e-08
0.055 3.234942e-08
0.08 4.570448e-08
0.11 5.920869e-08
0.135 7.262495e-08
0.16 8.441007e-08
0.185 9.611772e-08
0.21 1.0791e-07
0.24 1.230663e-07
0.265 1.348476e-07
0.29 1.482408e-07
0.315 1.600236e-07
0.34 1.717277e-07
0.37 1.87096e-07
0.395 1.988017e-07
0.42 2.102966e-07
0.445 2.237052e-07
0.47 2.354452e-07
0.5 2.489946e-07
0.525 2.624489e-07
0.55 2.740767e-07
0.575 2.85892e-07
0.6 2.994855e-07
0.63 3.129384e-07
0.655 3.246145e-07
0.68 3.380492e-07
0.705 3.498996e-07
0.73 3.617492e-07
0.76 3.767612e-07
0.785 3.885291e-07
0.81 4.00303e-07
0.835 4.137775e-07
0.86 4.253902e-07
0.89 4.404527e-07
0.915 4.522166e-07
0.94 4.640323e-07
0.965 4.757161e-07
0.99 4.89245e-07
1.02 5.025547e-07
1.045 5.161579e-07
1.07 5.278106e-07
1.095 5.396141e-07
1.12 5.515184e-07
1.15 5.666982e-07
1.175 5.783555e-07
1.175 5.78312e-07
1.15 5.664843e-07
1.12 5.511448e-07
1.095 5.392916e-07
1.07 5.274069e-07
1.045 5.154553e-07
1.02 5.01777e-07
0.99 4.882568e-07
0.965 4.7481e-07
0.94 4.629221e-07
0.915 4.511921e-07
0.89 4.393611e-07
0.86 4.241318e-07
0.835 4.123223e-07
0.81 3.989541e-07
0.785 3.871084e-07
0.76 3.752658e-07
0.73 3.601433e-07
0.705 3.482483e-07
0.68 3.365116e-07
0.655 3.229772e-07
0.63 3.112127e-07
0.6 2.976882e-07
0.575 2.842103e-07
0.55 2.72566e-07
0.525 2.606942e-07
0.5 2.472282e-07
0.47 2.33687e-07
0.445 2.219902e-07
0.42 2.087068e-07
0.395 1.968464e-07
0.37 1.849884e-07
0.34 1.699845e-07
0.315 1.582219e-07
0.29 1.465228e-07
0.265 1.331775e-07
0.24 1.214317e-07
0.21 1.062885e-07
0.185 9.456002e-08
0.16 8.293775e-08
0.135 7.119763e-08
0.11 5.779157e-08
0.08 4.438517e-08
0.055 3.099697e-08
0.03 1.929559e-08
0.005 7.608178e-09
-0.02 -1.060481e-08
-0.05 -2.387944e-08
-0.075 -3.718175e-08
-0.1 -4.889697e-08
