Wed May  6 20:49:51 2026
-0.1 -1.899986e-08
-0.075 -1.391761e-08
-0.05 -8.614658e-09
-0.02 -3.255497e-09
0.005 4.127877e-09
0.03 8.836256e-09
0.055 1.348438e-08
0.08 1.886438e-08
0.11 2.41413e-08
0.135 2.952721e-08
0.16 3.427571e-08
0.185 3.88663e-08
0.21 4.342836e-08
0.24 4.96234e-08
0.265 5.423158e-08
0.29 5.955792e-08
0.315 6.426602e-08
0.34 6.893443e-08
0.37 7.493902e-08
0.395 7.953726e-08
0.42 8.430079e-08
0.445 8.970409e-08
0.47 9.429075e-08
0.5 9.96542e-08
0.525 1.050506e-07
0.55 1.097862e-07
0.575 1.143879e-07
0.6 1.198613e-07
0.63 1.252275e-07
0.655 1.298773e-07
0.68 1.353713e-07
0.705 1.39931e-07
0.73 1.446112e-07
0.76 1.507709e-07
0.785 1.55559e-07
0.81 1.601488e-07
0.835 1.656818e-07
0.86 1.702165e-07
0.89 1.763005e-07
0.915 1.810276e-07
0.94 1.861026e-07
0.965 1.906589e-07
0.99 1.957563e-07
1.02 2.01258e-07
1.045 2.066469e-07
1.07 2.11289e-07
1.095 2.161039e-07
1.12 2.216536e-07
1.15 2.280991e-07
1.175 2.314271e-07
1.175 2.312093e-07
1.15 2.26229e-07
1.12 2.199514e-07
1.095 2.15039e-07
1.07 2.102237e-07
1.045 2.052853e-07
1.02 1.99492e-07
0.99 1.940124e-07
0.965 1.884867e-07
0.94 1.839107e-07
0.915 1.791019e-07
0.89 1.742159e-07
0.86 1.679044e-07
0.835 1.631927e-07
0.81 1.577618e-07
0.785 1.529066e-07
0.76 1.480468e-07
0.73 1.421009e-07
0.705 1.372281e-07
0.68 1.32519e-07
0.655 1.270414e-07
0.63 1.222817e-07
0.6 1.168336e-07
0.575 1.114527e-07
0.55 1.067759e-07
0.525 1.022765e-07
0.5 9.678581e-08
0.47 9.136082e-08
0.445 8.673058e-08
0.42 8.143224e-08
0.395 7.681214e-08
0.37 7.21401e-08
0.34 6.620675e-08
0.315 6.162185e-08
0.29 5.693235e-08
0.265 5.16412e-08
0.24 4.7173e-08
0.21 4.119086e-08
0.185 3.659038e-08
0.16 3.203875e-08
0.135 2.746857e-08
0.11 2.211258e-08
0.08 1.684188e-08
0.055 1.164161e-08
0.03 7.006662e-09
0.005 2.462493e-09
-0.02 -4.815782e-09
-0.05 -1.000472e-08
-0.075 -1.506472e-08
-0.1 -1.994433e-08
