Wed May  6 22:45:01 2026
-0.1 -1.517853e-08
-0.075 -1.157311e-08
-0.05 -7.482408e-09
-0.02 -3.405535e-09
0.005 2.062152e-09
0.03 5.580609e-09
0.055 9.114461e-09
0.08 1.317751e-08
0.11 1.720682e-08
0.135 2.12509e-08
0.16 2.479623e-08
0.185 2.829539e-08
0.21 3.180754e-08
0.24 3.638454e-08
0.265 3.988849e-08
0.29 4.392566e-08
0.315 4.746255e-08
0.34 5.102631e-08
0.37 5.551908e-08
0.395 5.903644e-08
0.42 6.256054e-08
0.445 6.662312e-08
0.47 7.008683e-08
0.5 7.414454e-08
0.525 7.823589e-08
0.55 8.169544e-08
0.575 8.51935e-08
0.6 8.925405e-08
0.63 9.326309e-08
0.655 9.678659e-08
0.68 1.00684e-07
0.705 1.042854e-07
0.73 1.078152e-07
0.76 1.123416e-07
0.785 1.158318e-07
0.81 1.193542e-07
0.835 1.23428e-07
0.86 1.269513e-07
0.89 1.31496e-07
0.915 1.350127e-07
0.94 1.385356e-07
0.965 1.420193e-07
0.99 1.460788e-07
1.02 1.500829e-07
1.045 1.541485e-07
1.07 1.576898e-07
1.095 1.611854e-07
1.12 1.647267e-07
1.15 1.692757e-07
1.175 1.727252e-07
1.175 1.727229e-07
1.15 1.69006e-07
1.12 1.644939e-07
1.095 1.608641e-07
1.07 1.57282e-07
1.045 1.537081e-07
1.02 1.495411e-07
0.99 1.454578e-07
0.965 1.414268e-07
0.94 1.378761e-07
0.915 1.343192e-07
0.89 1.307469e-07
0.86 1.262352e-07
0.835 1.227055e-07
0.81 1.185898e-07
0.785 1.150724e-07
0.76 1.115366e-07
0.73 1.069615e-07
0.705 1.033151e-07
0.68 9.982131e-08
0.655 9.583215e-08
0.63 9.226358e-08
0.6 8.786252e-08
0.575 8.403842e-08
0.55 8.064704e-08
0.525 7.716591e-08
0.5 7.317798e-08
0.47 6.914191e-08
0.445 6.560211e-08
0.42 6.15798e-08
0.395 5.807598e-08
0.37 5.451197e-08
0.34 5.004135e-08
0.315 4.657778e-08
0.29 4.302879e-08
0.265 3.901111e-08
0.24 3.551163e-08
0.21 3.096786e-08
0.185 2.743321e-08
0.16 2.395323e-08
0.135 2.038154e-08
0.11 1.644182e-08
0.08 1.243781e-08
0.055 8.428911e-09
0.03 4.891341e-09
0.005 1.384752e-09
-0.02 -4.040262e-09
-0.05 -8.007407e-09
-0.075 -1.202578e-08
-0.1 -1.552416e-08
