Thu May  7 09:04:00 2026
-0.1 -3.254956e-09
-0.075 -2.498528e-09
-0.05 -1.431388e-09
-0.02 -5.82246e-10
0.005 6.287479e-10
0.03 1.570576e-09
0.055 2.363904e-09
0.08 3.196201e-09
0.11 4.307781e-09
0.135 5.255119e-09
0.16 5.952544e-09
0.185 6.985733e-09
0.21 7.733107e-09
0.24 8.686717e-09
0.265 9.678075e-09
0.29 1.057896e-08
0.315 1.13056e-08
0.34 1.230285e-08
0.37 1.330638e-08
0.395 1.417883e-08
0.42 1.511828e-08
0.445 1.593248e-08
0.47 1.67855e-08
0.5 1.779794e-08
0.525 1.855471e-08
0.55 1.951678e-08
0.575 2.032032e-08
0.6 2.14086e-08
0.63 2.213687e-08
0.655 2.302762e-08
0.68 2.396506e-08
0.705 2.466869e-08
0.73 2.568581e-08
0.76 2.668262e-08
0.785 2.752586e-08
0.81 2.847387e-08
0.835 2.921146e-08
0.86 3.008764e-08
0.89 3.113441e-08
0.915 3.18484e-08
0.94 3.290605e-08
0.965 3.361729e-08
0.99 3.45986e-08
1.02 3.554688e-08
1.045 3.631427e-08
1.07 3.733849e-08
1.095 3.8108e-08
1.12 3.895213e-08
1.15 4.003356e-08
1.175 4.067564e-08
1.175 4.085437e-08
1.15 3.992203e-08
1.12 3.882636e-08
1.095 3.805854e-08
1.07 3.700773e-08
1.045 3.631588e-08
1.02 3.532862e-08
0.99 3.441176e-08
0.965 3.354437e-08
0.94 3.257795e-08
0.915 3.171782e-08
0.89 3.087558e-08
0.86 2.97472e-08
0.835 2.902576e-08
0.81 2.806477e-08
0.785 2.711489e-08
0.76 2.641678e-08
0.73 2.531661e-08
0.705 2.444585e-08
0.68 2.377878e-08
0.655 2.266983e-08
0.63 2.187949e-08
0.6 2.09419e-08
0.575 2.000147e-08
0.55 1.914006e-08
0.525 1.831084e-08
0.5 1.748463e-08
0.47 1.640885e-08
0.445 1.562377e-08
0.42 1.475579e-08
0.395 1.378978e-08
0.37 1.30091e-08
0.34 1.199491e-08
0.315 1.106317e-08
0.29 1.030136e-08
0.265 9.325449e-09
0.24 8.453314e-09
0.21 7.461998e-09
0.185 6.722269e-09
0.16 5.783685e-09
0.135 4.929892e-09
0.11 4.042593e-09
0.08 3.088981e-09
0.055 2.148206e-09
0.03 1.34747e-09
0.005 5.543094e-10
-0.02 -7.923751e-10
-0.05 -1.764361e-09
-0.075 -2.634799e-09
-0.1 -3.559141e-09
