Thu May  7 05:18:02 2026
-0.1 -2.09927e-09
-0.075 -1.372005e-09
-0.05 -7.147702e-10
-0.02 -8.156546e-11
0.005 8.712952e-10
0.03 1.485322e-09
0.055 2.040437e-09
0.08 2.624716e-09
0.11 3.352986e-09
0.135 4.059717e-09
0.16 4.594714e-09
0.185 5.11146e-09
0.21 5.758012e-09
0.24 6.55087e-09
0.265 7.066564e-09
0.29 7.756586e-09
0.315 8.35694e-09
0.34 8.888574e-09
0.37 9.588657e-09
0.395 1.021939e-08
0.42 1.083973e-08
0.445 1.145221e-08
0.47 1.204169e-08
0.5 1.273098e-08
0.525 1.33333e-08
0.55 1.389946e-08
0.575 1.449328e-08
0.6 1.512558e-08
0.63 1.584682e-08
0.655 1.639599e-08
0.68 1.701453e-08
0.705 1.76625e-08
0.73 1.828218e-08
0.76 1.898712e-08
0.785 1.956021e-08
0.81 2.019795e-08
0.835 2.078907e-08
0.86 2.140269e-08
0.89 2.21703e-08
0.915 2.269383e-08
0.94 2.325243e-08
0.965 2.38957e-08
0.99 2.452377e-08
1.02 2.513266e-08
1.045 2.587516e-08
1.07 2.641967e-08
1.095 2.695687e-08
1.12 2.760038e-08
1.15 2.833668e-08
1.175 2.887787e-08
1.175 2.891436e-08
1.15 2.830505e-08
1.12 2.746865e-08
1.095 2.692203e-08
1.07 2.638043e-08
1.045 2.571151e-08
1.02 2.506555e-08
0.99 2.44295e-08
0.965 2.368773e-08
0.94 2.310428e-08
0.915 2.256759e-08
0.89 2.192174e-08
0.86 2.113126e-08
0.835 2.061512e-08
0.81 1.992153e-08
0.785 1.930026e-08
0.76 1.876083e-08
0.73 1.806526e-08
0.705 1.742008e-08
0.68 1.685073e-08
0.655 1.623682e-08
0.63 1.559478e-08
0.6 1.48965e-08
0.575 1.42621e-08
0.55 1.365372e-08
0.525 1.314035e-08
0.5 1.242829e-08
0.47 1.173439e-08
0.445 1.120023e-08
0.42 1.056498e-08
0.395 9.944438e-09
0.37 9.384192e-09
0.34 8.670012e-09
0.315 8.044246e-09
0.29 7.427355e-09
0.265 6.825195e-09
0.24 6.307662e-09
0.21 5.488656e-09
0.185 4.865039e-09
0.16 4.36311e-09
0.135 3.857607e-09
0.11 3.135728e-09
0.08 2.404889e-09
0.055 1.818172e-09
0.03 1.280014e-09
0.005 6.495349e-10
-0.02 -2.68e-10
-0.05 -8.670327e-10
-0.075 -1.524395e-09
-0.1 -2.161133e-09
