Thu May  7 05:12:34 2026
-0.1 -3.796408e-09
-0.075 -2.767063e-09
-0.05 -1.756866e-09
-0.02 -7.592529e-10
0.005 6.683434e-10
0.03 1.599903e-09
0.055 2.46712e-09
0.08 3.472363e-09
0.11 4.543377e-09
0.135 5.550849e-09
0.16 6.433095e-09
0.185 7.364059e-09
0.21 8.285727e-09
0.24 9.403733e-09
0.265 1.029894e-08
0.29 1.137673e-08
0.315 1.222851e-08
0.34 1.311382e-08
0.37 1.429287e-08
0.395 1.516598e-08
0.42 1.604e-08
0.445 1.710924e-08
0.47 1.800376e-08
0.5 1.899532e-08
0.525 2.004164e-08
0.55 2.092395e-08
0.575 2.18622e-08
0.6 2.287409e-08
0.63 2.390673e-08
0.655 2.483878e-08
0.68 2.582103e-08
0.705 2.671262e-08
0.73 2.764424e-08
0.76 2.879079e-08
0.785 2.967921e-08
0.81 3.061547e-08
0.835 3.162444e-08
0.86 3.251682e-08
0.89 3.370374e-08
0.915 3.457286e-08
0.94 3.547031e-08
0.965 3.640282e-08
0.99 3.740365e-08
1.02 3.842246e-08
1.045 3.948866e-08
1.07 4.033773e-08
1.095 4.126171e-08
1.12 4.217578e-08
1.15 4.330274e-08
1.175 4.425817e-08
1.175 4.423078e-08
1.15 4.32755e-08
1.12 4.211238e-08
1.095 4.116257e-08
1.07 4.023035e-08
1.045 3.932902e-08
1.02 3.822803e-08
0.99 3.720727e-08
0.965 3.617787e-08
0.94 3.523079e-08
0.915 3.435581e-08
0.89 3.343061e-08
0.86 3.225026e-08
0.835 3.138285e-08
0.81 3.036902e-08
0.785 2.94199e-08
0.76 2.852694e-08
0.73 2.737248e-08
0.705 2.644286e-08
0.68 2.55396e-08
0.655 2.452269e-08
0.63 2.356495e-08
0.6 2.254344e-08
0.575 2.148634e-08
0.55 2.063003e-08
0.525 1.972443e-08
0.5 1.864888e-08
0.47 1.765119e-08
0.445 1.676525e-08
0.42 1.568369e-08
0.395 1.483432e-08
0.37 1.393668e-08
0.34 1.274053e-08
0.315 1.187759e-08
0.29 1.097999e-08
0.265 9.914165e-09
0.24 9.056535e-09
0.21 7.920716e-09
0.185 6.995317e-09
0.16 6.085211e-09
0.135 5.212402e-09
0.11 4.167809e-09
0.08 3.149019e-09
0.055 2.153461e-09
0.03 1.247527e-09
0.005 3.517781e-10
-0.02 -1.063608e-09
-0.05 -2.03955e-09
-0.075 -3.065403e-09
-0.1 -3.959948e-09
