Thu May  7 08:25:14 2026
-0.1 -3.859668e-09
-0.075 -2.869881e-09
-0.05 -1.801899e-09
-0.02 -6.542106e-10
0.005 8.593012e-10
0.03 1.759555e-09
0.055 2.687748e-09
0.08 3.793475e-09
0.11 4.904807e-09
0.135 5.958396e-09
0.16 6.889908e-09
0.185 7.861363e-09
0.21 8.834493e-09
0.24 1.004412e-08
0.265 1.094517e-08
0.29 1.206684e-08
0.315 1.302228e-08
0.34 1.395565e-08
0.37 1.517557e-08
0.395 1.614784e-08
0.42 1.70706e-08
0.445 1.810868e-08
0.47 1.908271e-08
0.5 2.01517e-08
0.525 2.119603e-08
0.55 2.218463e-08
0.575 2.307492e-08
0.6 2.421268e-08
0.63 2.52578e-08
0.655 2.617202e-08
0.68 2.730178e-08
0.705 2.822163e-08
0.73 2.911827e-08
0.76 3.037037e-08
0.785 3.133562e-08
0.81 3.223146e-08
0.835 3.332961e-08
0.86 3.427536e-08
0.89 3.544698e-08
0.915 3.636529e-08
0.94 3.738029e-08
0.965 3.828544e-08
0.99 3.931964e-08
1.02 4.043703e-08
1.045 4.154444e-08
1.07 4.242516e-08
1.095 4.337173e-08
1.12 4.437453e-08
1.15 4.553148e-08
1.175 4.650092e-08
1.175 4.650771e-08
1.15 4.547441e-08
1.12 4.42405e-08
1.095 4.333608e-08
1.07 4.232184e-08
1.045 4.137812e-08
1.02 4.029826e-08
0.99 3.916419e-08
0.965 3.807763e-08
0.94 3.714451e-08
0.915 3.61655e-08
0.89 3.51878e-08
0.86 3.401161e-08
0.835 3.303953e-08
0.81 3.193591e-08
0.785 3.102635e-08
0.76 3.01139e-08
0.73 2.886048e-08
0.705 2.793751e-08
0.68 2.702294e-08
0.655 2.589175e-08
0.63 2.491641e-08
0.6 2.387495e-08
0.575 2.273169e-08
0.55 2.185856e-08
0.525 2.08644e-08
0.5 1.975942e-08
0.47 1.8731e-08
0.445 1.78076e-08
0.42 1.66895e-08
0.395 1.57448e-08
0.37 1.486952e-08
0.34 1.360561e-08
0.315 1.267593e-08
0.29 1.176792e-08
0.265 1.065057e-08
0.24 9.673644e-09
0.21 8.494196e-09
0.185 7.588508e-09
0.16 6.617777e-09
0.135 5.646866e-09
0.11 4.608764e-09
0.08 3.53809e-09
0.055 2.45008e-09
0.03 1.473875e-09
0.005 5.744639e-10
-0.02 -8.500294e-10
-0.05 -1.965607e-09
-0.075 -3.04251e-09
-0.1 -3.956122e-09
