Thu May  7 05:53:30 2026
-0.1 -3.060739e-09
-0.075 -2.202505e-09
-0.05 -1.256569e-09
-0.02 -3.352096e-10
0.005 9.105564e-10
0.03 1.691219e-09
0.055 2.469319e-09
0.08 3.39978e-09
0.11 4.283959e-09
0.135 5.188129e-09
0.16 5.979055e-09
0.185 6.793937e-09
0.21 7.574353e-09
0.24 8.596931e-09
0.265 9.369727e-09
0.29 1.026273e-08
0.315 1.10415e-08
0.34 1.181506e-08
0.37 1.28408e-08
0.395 1.361397e-08
0.42 1.439603e-08
0.445 1.530075e-08
0.47 1.607505e-08
0.5 1.698049e-08
0.525 1.787211e-08
0.55 1.864677e-08
0.575 1.943272e-08
0.6 2.03536e-08
0.63 2.123336e-08
0.655 2.202509e-08
0.68 2.293181e-08
0.705 2.371674e-08
0.73 2.449496e-08
0.76 2.55127e-08
0.785 2.630722e-08
0.81 2.708544e-08
0.835 2.799517e-08
0.86 2.876181e-08
0.89 2.981161e-08
0.915 3.054088e-08
0.94 3.135357e-08
0.965 3.214807e-08
0.99 3.308252e-08
1.02 3.396203e-08
1.045 3.491378e-08
1.07 3.567012e-08
1.095 3.644484e-08
1.12 3.729226e-08
1.15 3.830815e-08
1.175 3.907867e-08
1.175 3.907443e-08
1.15 3.823012e-08
1.12 3.715358e-08
1.095 3.636791e-08
1.07 3.553461e-08
1.045 3.471934e-08
1.02 3.378181e-08
0.99 3.289346e-08
0.965 3.194808e-08
0.94 3.113414e-08
0.915 3.036335e-08
0.89 2.951795e-08
0.86 2.849175e-08
0.835 2.770085e-08
0.81 2.675597e-08
0.785 2.59627e-08
0.76 2.514326e-08
0.73 2.412811e-08
0.705 2.332997e-08
0.68 2.255395e-08
0.655 2.161007e-08
0.63 2.080455e-08
0.6 1.992715e-08
0.575 1.89849e-08
0.55 1.817694e-08
0.525 1.739761e-08
0.5 1.648035e-08
0.47 1.558399e-08
0.445 1.476131e-08
0.42 1.385758e-08
0.395 1.306455e-08
0.37 1.226369e-08
0.34 1.123891e-08
0.315 1.046944e-08
0.29 9.69922e-09
0.265 8.770049e-09
0.24 7.999399e-09
0.21 6.966679e-09
0.185 6.179407e-09
0.16 5.385191e-09
0.135 4.596576e-09
0.11 3.66354e-09
0.08 2.775868e-09
0.055 1.872458e-09
0.03 1.08523e-09
0.005 2.891224e-10
-0.02 -9.255735e-10
-0.05 -1.827491e-09
-0.075 -2.719812e-09
-0.1 -3.505908e-09
