Thu May  7 07:06:38 2026
-0.1 -7.699894e-09
-0.075 -5.646704e-09
-0.05 -3.448627e-09
-0.02 -1.251434e-09
0.005 1.691009e-09
0.03 3.623689e-09
0.055 5.514249e-09
0.08 7.684843e-09
0.11 9.889438e-09
0.135 1.205276e-08
0.16 1.39594e-08
0.185 1.587293e-08
0.21 1.77865e-08
0.24 2.024008e-08
0.265 2.213545e-08
0.29 2.433465e-08
0.315 2.621491e-08
0.34 2.8138e-08
0.37 3.058253e-08
0.395 3.246505e-08
0.42 3.433603e-08
0.445 3.654023e-08
0.47 3.84282e-08
0.5 4.059866e-08
0.525 4.277964e-08
0.55 4.4677e-08
0.575 4.656681e-08
0.6 4.876931e-08
0.63 5.095193e-08
0.655 5.287646e-08
0.68 5.50383e-08
0.705 5.691797e-08
0.73 5.88272e-08
0.76 6.128418e-08
0.785 6.319374e-08
0.81 6.509703e-08
0.835 6.730695e-08
0.86 6.916371e-08
0.89 7.163322e-08
0.915 7.354542e-08
0.94 7.544637e-08
0.965 7.73604e-08
0.99 7.956901e-08
1.02 8.171721e-08
1.045 8.392786e-08
1.07 8.583559e-08
1.095 8.771734e-08
1.12 8.960337e-08
1.15 9.210957e-08
1.175 9.401292e-08
1.175 9.395743e-08
1.15 9.201236e-08
1.12 8.946203e-08
1.095 8.754134e-08
1.07 8.561079e-08
1.045 8.365336e-08
1.02 8.140313e-08
0.99 7.923637e-08
0.965 7.701899e-08
0.94 7.506668e-08
0.915 7.31382e-08
0.89 7.121884e-08
0.86 6.872364e-08
0.835 6.680308e-08
0.81 6.461712e-08
0.785 6.269347e-08
0.76 6.078075e-08
0.73 5.830502e-08
0.705 5.640095e-08
0.68 5.448582e-08
0.655 5.229292e-08
0.63 5.039832e-08
0.6 4.817446e-08
0.575 4.598957e-08
0.55 4.40784e-08
0.525 4.216484e-08
0.5 3.998889e-08
0.47 3.779603e-08
0.445 3.588867e-08
0.42 3.369783e-08
0.395 3.179161e-08
0.37 2.989051e-08
0.34 2.745351e-08
0.315 2.552794e-08
0.29 2.362348e-08
0.265 2.145749e-08
0.24 1.953675e-08
0.21 1.704659e-08
0.185 1.518942e-08
0.16 1.326398e-08
0.135 1.134527e-08
0.11 9.195293e-09
0.08 7.01447e-09
0.055 4.830151e-09
0.03 2.949358e-09
0.005 1.036836e-09
-0.02 -1.912415e-09
-0.05 -4.066219e-09
-0.075 -6.2502e-09
-0.1 -8.131505e-09
