Wed May  6 20:54:14 2026
-0.1 -2.961316e-08
-0.075 -2.261915e-08
-0.05 -1.47769e-08
-0.02 -6.932925e-09
0.005 3.756062e-09
0.03 1.057204e-08
0.055 1.743965e-08
0.08 2.521186e-08
0.11 3.301774e-08
0.135 4.08285e-08
0.16 4.765106e-08
0.185 5.449251e-08
0.21 6.126274e-08
0.24 7.012595e-08
0.265 7.690632e-08
0.29 8.471849e-08
0.315 9.154819e-08
0.34 9.834415e-08
0.37 1.071146e-07
0.395 1.139282e-07
0.42 1.207766e-07
0.445 1.285858e-07
0.47 1.353543e-07
0.5 1.432469e-07
0.525 1.510118e-07
0.55 1.577766e-07
0.575 1.646706e-07
0.6 1.724496e-07
0.63 1.802374e-07
0.655 1.871666e-07
0.68 1.949512e-07
0.705 2.017318e-07
0.73 2.085769e-07
0.76 2.174936e-07
0.785 2.2429e-07
0.81 2.310705e-07
0.835 2.389566e-07
0.86 2.457761e-07
0.89 2.543869e-07
0.915 2.613919e-07
0.94 2.681805e-07
0.965 2.749971e-07
0.99 2.827945e-07
1.02 2.905241e-07
1.045 2.98498e-07
1.07 3.052716e-07
1.095 3.122133e-07
1.12 3.189933e-07
1.15 3.277249e-07
1.175 3.345053e-07
1.175 3.344173e-07
1.15 3.275601e-07
1.12 3.185332e-07
1.095 3.115979e-07
1.07 3.045696e-07
1.045 2.977463e-07
1.02 2.896493e-07
0.99 2.816952e-07
0.965 2.738761e-07
0.94 2.668936e-07
0.915 2.598546e-07
0.89 2.529878e-07
0.86 2.442021e-07
0.835 2.373795e-07
0.81 2.294952e-07
0.785 2.226676e-07
0.76 2.158293e-07
0.73 2.069842e-07
0.705 2.001135e-07
0.68 1.932961e-07
0.655 1.85401e-07
0.63 1.78633e-07
0.6 1.707967e-07
0.575 1.629386e-07
0.55 1.56142e-07
0.525 1.493233e-07
0.5 1.415473e-07
0.47 1.337774e-07
0.445 1.269914e-07
0.42 1.19235e-07
0.395 1.123613e-07
0.37 1.055878e-07
0.34 9.686936e-08
0.315 9.007661e-08
0.29 8.329452e-08
0.265 7.556366e-08
0.24 6.875931e-08
0.21 6.003578e-08
0.185 5.328165e-08
0.16 4.649787e-08
0.135 3.973852e-08
0.11 3.203354e-08
0.08 2.43144e-08
0.055 1.660918e-08
0.03 9.829837e-09
0.005 3.085735e-09
-0.02 -7.485493e-09
-0.05 -1.525459e-08
-0.075 -2.294159e-08
-0.1 -2.963263e-08
