Thu May  7 01:22:14 2026
-0.1 -5.209829e-09
-0.075 -3.78413e-09
-0.05 -2.279351e-09
-0.02 -7.483547e-10
0.005 1.308167e-09
0.03 2.646896e-09
0.055 3.934026e-09
0.08 5.43257e-09
0.11 6.952703e-09
0.135 8.475904e-09
0.16 9.762203e-09
0.185 1.107261e-08
0.21 1.241208e-08
0.24 1.408357e-08
0.265 1.533705e-08
0.29 1.688866e-08
0.315 1.825768e-08
0.34 1.950024e-08
0.37 2.115994e-08
0.395 2.250362e-08
0.42 2.378913e-08
0.445 2.52553e-08
0.47 2.660417e-08
0.5 2.815031e-08
0.525 2.959447e-08
0.55 3.089862e-08
0.575 3.220253e-08
0.6 3.369699e-08
0.63 3.526342e-08
0.655 3.652766e-08
0.68 3.803321e-08
0.705 3.935963e-08
0.73 4.061534e-08
0.76 4.229086e-08
0.785 4.363943e-08
0.81 4.496511e-08
0.835 4.638732e-08
0.86 4.775863e-08
0.89 4.949012e-08
0.915 5.071196e-08
0.94 5.207298e-08
0.965 5.339601e-08
0.99 5.483524e-08
1.02 5.63674e-08
1.045 5.794789e-08
1.07 5.919722e-08
1.095 6.04938e-08
1.12 6.180677e-08
1.15 6.34793e-08
1.175 6.471254e-08
1.175 6.475529e-08
1.15 6.333192e-08
1.12 6.155457e-08
1.095 6.028282e-08
1.07 5.895775e-08
1.045 5.756722e-08
1.02 5.606691e-08
0.99 5.456674e-08
0.965 5.294278e-08
0.94 5.169338e-08
0.915 5.036274e-08
0.89 4.895478e-08
0.86 4.71954e-08
0.835 4.594631e-08
0.81 4.441763e-08
0.785 4.300846e-08
0.76 4.177566e-08
0.73 4.00316e-08
0.705 3.865329e-08
0.68 3.741039e-08
0.655 3.595679e-08
0.63 3.454179e-08
0.6 3.303766e-08
0.575 3.151919e-08
0.55 3.01945e-08
0.525 2.893773e-08
0.5 2.734068e-08
0.47 2.580022e-08
0.445 2.456138e-08
0.42 2.307173e-08
0.395 2.17094e-08
0.37 2.040429e-08
0.34 1.875627e-08
0.315 1.742202e-08
0.29 1.609348e-08
0.265 1.46249e-08
0.24 1.328318e-08
0.21 1.155302e-08
0.185 1.029295e-08
0.16 9.010153e-09
0.135 7.664813e-09
0.11 6.166865e-09
0.08 4.664536e-09
0.055 3.211058e-09
0.03 1.854362e-09
0.005 5.001519e-10
-0.02 -1.469853e-09
-0.05 -2.933769e-09
-0.075 -4.456937e-09
-0.1 -5.734035e-09
