Thu May  7 00:05:49 2026
-0.1 -5.157182e-09
-0.075 -3.883783e-09
-0.05 -2.458543e-09
-0.02 -1.028638e-09
0.005 8.662863e-10
0.03 2.113654e-09
0.055 3.353283e-09
0.08 4.744697e-09
0.11 6.101721e-09
0.135 7.519123e-09
0.16 8.798143e-09
0.185 9.970707e-09
0.21 1.121171e-08
0.24 1.285818e-08
0.265 1.402125e-08
0.29 1.542884e-08
0.315 1.669098e-08
0.34 1.786495e-08
0.37 1.944948e-08
0.395 2.067513e-08
0.42 2.18875e-08
0.445 2.322819e-08
0.47 2.449917e-08
0.5 2.588492e-08
0.525 2.72799e-08
0.55 2.851533e-08
0.575 2.971279e-08
0.6 3.114503e-08
0.63 3.246842e-08
0.655 3.370947e-08
0.68 3.512572e-08
0.705 3.627718e-08
0.73 3.755414e-08
0.76 3.911892e-08
0.785 4.029222e-08
0.81 4.160607e-08
0.835 4.295621e-08
0.86 4.416629e-08
0.89 4.579417e-08
0.915 4.697336e-08
0.94 4.821833e-08
0.965 4.946493e-08
0.99 5.082806e-08
1.02 5.220333e-08
1.045 5.362832e-08
1.07 5.477837e-08
1.095 5.605702e-08
1.12 5.723134e-08
1.15 5.880453e-08
1.175 6.008609e-08
1.175 6.007913e-08
1.15 5.885105e-08
1.12 5.726048e-08
1.095 5.589045e-08
1.07 5.46992e-08
1.045 5.340728e-08
1.02 5.190886e-08
0.99 5.050947e-08
0.965 4.910176e-08
0.94 4.781736e-08
0.915 4.663422e-08
0.89 4.536045e-08
0.86 4.373343e-08
0.835 4.258682e-08
0.81 4.11082e-08
0.785 3.988266e-08
0.76 3.867211e-08
0.73 3.702896e-08
0.705 3.581835e-08
0.68 3.460525e-08
0.655 3.31471e-08
0.63 3.192023e-08
0.6 3.05595e-08
0.575 2.911396e-08
0.55 2.78898e-08
0.525 2.662809e-08
0.5 2.526038e-08
0.47 2.384035e-08
0.445 2.258806e-08
0.42 2.120939e-08
0.395 1.998103e-08
0.37 1.874179e-08
0.34 1.720115e-08
0.315 1.598778e-08
0.29 1.473777e-08
0.265 1.335827e-08
0.24 1.215041e-08
0.21 1.056121e-08
0.185 9.384571e-09
0.16 8.177353e-09
0.135 6.915787e-09
0.11 5.541217e-09
0.08 4.156961e-09
0.055 2.798796e-09
0.03 1.555594e-09
0.005 3.205559e-10
-0.02 -1.533316e-09
-0.05 -2.89341e-09
-0.075 -4.306397e-09
-0.1 -5.474372e-09
