Thu May  7 09:41:39 2026
-0.1 -4.601482e-09
-0.075 -3.329772e-09
-0.05 -2.004658e-09
-0.02 -7.01471e-10
0.005 1.08712e-09
0.03 2.267327e-09
0.055 3.383825e-09
0.08 4.639188e-09
0.11 5.982328e-09
0.135 7.342334e-09
0.16 8.435656e-09
0.185 9.549041e-09
0.21 1.071838e-08
0.24 1.224621e-08
0.265 1.334527e-08
0.29 1.461606e-08
0.315 1.577748e-08
0.34 1.690464e-08
0.37 1.833476e-08
0.395 1.951748e-08
0.42 2.069754e-08
0.445 2.193613e-08
0.47 2.303672e-08
0.5 2.439594e-08
0.525 2.570224e-08
0.55 2.678442e-08
0.575 2.798687e-08
0.6 2.92435e-08
0.63 3.056734e-08
0.655 3.173446e-08
0.68 3.298694e-08
0.705 3.411436e-08
0.73 3.530056e-08
0.76 3.673244e-08
0.785 3.786435e-08
0.81 3.901804e-08
0.835 4.026943e-08
0.86 4.141316e-08
0.89 4.290063e-08
0.915 4.405603e-08
0.94 4.514527e-08
0.965 4.631017e-08
0.99 4.763559e-08
1.02 4.889213e-08
1.045 5.024659e-08
1.07 5.139947e-08
1.095 5.251458e-08
1.12 5.364763e-08
1.15 5.515043e-08
1.175 5.625022e-08
1.175 5.620133e-08
1.15 5.505415e-08
1.12 5.350408e-08
1.095 5.231342e-08
1.07 5.120807e-08
1.045 5.000854e-08
1.02 4.868764e-08
0.99 4.738638e-08
0.965 4.602362e-08
0.94 4.482539e-08
0.915 4.372792e-08
0.89 4.257508e-08
0.86 4.104583e-08
0.835 3.99447e-08
0.81 3.862639e-08
0.785 3.746629e-08
0.76 3.634959e-08
0.73 3.48994e-08
0.705 3.369906e-08
0.68 3.248535e-08
0.655 3.125698e-08
0.63 3.007479e-08
0.6 2.87375e-08
0.575 2.74548e-08
0.55 2.629109e-08
0.525 2.518949e-08
0.5 2.394025e-08
0.47 2.254753e-08
0.445 2.143914e-08
0.42 2.01598e-08
0.395 1.897616e-08
0.37 1.781126e-08
0.34 1.640582e-08
0.315 1.532207e-08
0.29 1.411767e-08
0.265 1.278148e-08
0.24 1.168845e-08
0.21 1.025828e-08
0.185 9.072269e-09
0.16 7.961955e-09
0.135 6.838817e-09
0.11 5.520422e-09
0.08 4.202525e-09
0.055 2.890023e-09
0.03 1.782402e-09
0.005 6.943908e-10
-0.02 -1.128586e-09
-0.05 -2.449283e-09
-0.075 -3.687705e-09
-0.1 -4.849156e-09
