Thu May  7 11:45:36 2026
-0.1 -9.144568e-10
-0.075 -6.560589e-10
-0.05 -4.197551e-10
-0.02 -1.855557e-10
0.005 1.833323e-10
0.03 3.914995e-10
0.055 6.118273e-10
0.08 8.313566e-10
0.11 1.099108e-09
0.135 1.355412e-09
0.16 1.563793e-09
0.185 1.779954e-09
0.21 2.016482e-09
0.24 2.271189e-09
0.265 2.476619e-09
0.29 2.738398e-09
0.315 2.945725e-09
0.34 3.166938e-09
0.37 3.429089e-09
0.395 3.646808e-09
0.42 3.875137e-09
0.445 4.114777e-09
0.47 4.323231e-09
0.5 4.5816e-09
0.525 4.837365e-09
0.55 5.027605e-09
0.575 5.268426e-09
0.6 5.471887e-09
0.63 5.72124e-09
0.655 5.965889e-09
0.68 6.183656e-09
0.705 6.373643e-09
0.73 6.631168e-09
0.76 6.936757e-09
0.785 7.11429e-09
0.81 7.336707e-09
0.835 7.578167e-09
0.86 7.788659e-09
0.89 8.036836e-09
0.915 8.284222e-09
0.94 8.497019e-09
0.965 8.69618e-09
0.99 8.944824e-09
1.02 9.197849e-09
1.045 9.437328e-09
1.07 9.654033e-09
1.095 9.851773e-09
1.12 1.006578e-08
1.15 1.036925e-08
1.175 1.057567e-08
1.175 1.055294e-08
1.15 1.033274e-08
1.12 1.003052e-08
1.095 9.827562e-09
1.07 9.608213e-09
1.045 9.367224e-09
1.02 9.142829e-09
0.99 8.851079e-09
0.965 8.634271e-09
0.94 8.461928e-09
0.915 8.184311e-09
0.89 7.976324e-09
0.86 7.698015e-09
0.835 7.482275e-09
0.81 7.180435e-09
0.785 7.012368e-09
0.76 6.765326e-09
0.73 6.475096e-09
0.705 6.298742e-09
0.68 6.101677e-09
0.655 5.811212e-09
0.63 5.633466e-09
0.6 5.407793e-09
0.575 5.118368e-09
0.55 4.902507e-09
0.525 4.628104e-09
0.5 4.450741e-09
0.47 4.196075e-09
0.445 3.963086e-09
0.42 3.757358e-09
0.395 3.592737e-09
0.37 3.302813e-09
0.34 3.04057e-09
0.315 2.866952e-09
0.29 2.614728e-09
0.265 2.375506e-09
0.24 2.194688e-09
0.21 1.854351e-09
0.185 1.604062e-09
0.16 1.449883e-09
0.135 1.228165e-09
0.11 9.360092e-10
0.08 7.433261e-10
0.055 5.408818e-10
0.03 2.98504e-10
0.005 3.723256e-11
-0.02 -2.629906e-10
-0.05 -4.569157e-10
-0.075 -7.330305e-10
-0.1 -9.122689e-10
