Thu May  7 05:52:25 2026
-0.1 -2.319335e-09
-0.075 -1.675439e-09
-0.05 -1.025441e-09
-0.02 -3.85585e-10
0.005 5.022987e-10
0.03 1.063221e-09
0.055 1.615603e-09
0.08 2.254752e-09
0.11 2.910315e-09
0.135 3.557541e-09
0.16 4.098856e-09
0.185 4.668404e-09
0.21 5.235893e-09
0.24 5.943126e-09
0.265 6.49168e-09
0.29 7.173877e-09
0.315 7.719903e-09
0.34 8.266396e-09
0.37 9.021348e-09
0.395 9.566065e-09
0.42 1.01203e-08
0.445 1.076728e-08
0.47 1.13351e-08
0.5 1.198292e-08
0.525 1.262847e-08
0.55 1.318711e-08
0.575 1.373983e-08
0.6 1.440587e-08
0.63 1.505756e-08
0.655 1.566259e-08
0.68 1.628205e-08
0.705 1.685461e-08
0.73 1.741698e-08
0.76 1.81564e-08
0.785 1.871841e-08
0.81 1.926247e-08
0.835 1.99581e-08
0.86 2.050393e-08
0.89 2.12337e-08
0.915 2.180753e-08
0.94 2.239422e-08
0.965 2.295572e-08
0.99 2.360866e-08
1.02 2.426496e-08
1.045 2.490962e-08
1.07 2.549117e-08
1.095 2.609876e-08
1.12 2.667622e-08
1.15 2.742521e-08
1.175 2.794349e-08
1.175 2.791207e-08
1.15 2.73314e-08
1.12 2.657489e-08
1.095 2.598625e-08
1.07 2.541785e-08
1.045 2.480187e-08
1.02 2.415017e-08
0.99 2.348758e-08
0.965 2.283229e-08
0.94 2.222072e-08
0.915 2.168707e-08
0.89 2.108857e-08
0.86 2.033614e-08
0.835 1.977837e-08
0.81 1.910495e-08
0.785 1.85244e-08
0.76 1.795777e-08
0.73 1.722805e-08
0.705 1.667039e-08
0.68 1.605725e-08
0.655 1.542003e-08
0.63 1.486904e-08
0.6 1.419156e-08
0.575 1.351815e-08
0.55 1.296868e-08
0.525 1.239518e-08
0.5 1.172913e-08
0.47 1.108633e-08
0.445 1.052335e-08
0.42 9.853052e-09
0.395 9.300212e-09
0.37 8.73096e-09
0.34 8.009208e-09
0.315 7.43923e-09
0.29 6.862111e-09
0.265 6.250099e-09
0.24 5.663043e-09
0.21 4.929928e-09
0.185 4.377509e-09
0.16 3.812e-09
0.135 3.248549e-09
0.11 2.591895e-09
0.08 1.957459e-09
0.055 1.321212e-09
0.03 7.539354e-10
0.005 1.948217e-10
-0.02 -6.836706e-10
-0.05 -1.30892e-09
-0.075 -1.946884e-09
-0.1 -2.484683e-09
