Wed May  6 22:06:16 2026
-0.1 -1.822804e-08
-0.075 -1.384788e-08
-0.05 -9.012995e-09
-0.02 -4.17163e-09
0.005 2.413218e-09
0.03 6.60317e-09
0.055 1.083891e-08
0.08 1.568581e-08
0.11 2.052074e-08
0.135 2.533135e-08
0.16 2.952136e-08
0.185 3.369616e-08
0.21 3.795516e-08
0.24 4.330626e-08
0.265 4.754207e-08
0.29 5.236753e-08
0.315 5.655772e-08
0.34 6.080389e-08
0.37 6.617111e-08
0.395 7.030679e-08
0.42 7.4544e-08
0.445 7.938926e-08
0.47 8.359009e-08
0.5 8.836873e-08
0.525 9.318339e-08
0.55 9.736481e-08
0.575 1.015926e-07
0.6 1.064296e-07
0.63 1.112033e-07
0.655 1.154031e-07
0.68 1.202256e-07
0.705 1.244604e-07
0.73 1.286218e-07
0.76 1.340893e-07
0.785 1.382126e-07
0.81 1.423887e-07
0.835 1.472542e-07
0.86 1.515013e-07
0.89 1.568028e-07
0.915 1.610774e-07
0.94 1.652318e-07
0.965 1.694092e-07
0.99 1.742107e-07
1.02 1.790352e-07
1.045 1.838791e-07
1.07 1.88098e-07
1.095 1.923173e-07
1.12 1.965482e-07
1.15 2.019419e-07
1.175 2.061593e-07
1.175 2.060823e-07
1.15 2.018021e-07
1.12 1.962126e-07
1.095 1.919251e-07
1.07 1.876228e-07
1.045 1.834016e-07
1.02 1.784981e-07
0.99 1.735921e-07
0.965 1.687425e-07
0.94 1.645424e-07
0.915 1.601666e-07
0.89 1.560131e-07
0.86 1.505941e-07
0.835 1.463432e-07
0.81 1.415007e-07
0.785 1.373006e-07
0.76 1.330665e-07
0.73 1.276423e-07
0.705 1.234745e-07
0.68 1.192179e-07
0.655 1.143261e-07
0.63 1.101607e-07
0.6 1.053124e-07
0.575 1.005046e-07
0.55 9.627114e-08
0.525 9.20786e-08
0.5 8.727486e-08
0.47 8.252732e-08
0.445 7.829209e-08
0.42 7.346088e-08
0.395 6.931488e-08
0.37 6.513358e-08
0.34 5.971394e-08
0.315 5.552087e-08
0.29 5.13598e-08
0.265 4.655824e-08
0.24 4.233762e-08
0.21 3.697622e-08
0.185 3.277696e-08
0.16 2.854426e-08
0.135 2.440009e-08
0.11 1.963638e-08
0.08 1.483778e-08
0.055 1.002703e-08
0.03 5.876083e-09
0.005 1.749285e-09
-0.02 -4.886828e-09
-0.05 -9.682901e-09
-0.075 -1.441114e-08
-0.1 -1.863674e-08
