Thu May  7 04:36:00 2026
-0.1 -3.467151e-09
-0.075 -2.517215e-09
-0.05 -1.433578e-09
-0.02 -3.987573e-10
0.005 1.024677e-09
0.03 1.905702e-09
0.055 2.847068e-09
0.08 3.881555e-09
0.11 4.920803e-09
0.135 5.961558e-09
0.16 6.851004e-09
0.185 7.752514e-09
0.21 8.658748e-09
0.24 9.830542e-09
0.265 1.069006e-08
0.29 1.175332e-08
0.315 1.264315e-08
0.34 1.351458e-08
0.37 1.46965e-08
0.395 1.556946e-08
0.42 1.648848e-08
0.445 1.751039e-08
0.47 1.841292e-08
0.5 1.941433e-08
0.525 2.042794e-08
0.55 2.133986e-08
0.575 2.224797e-08
0.6 2.325432e-08
0.63 2.429354e-08
0.655 2.518243e-08
0.68 2.623491e-08
0.705 2.709556e-08
0.73 2.797973e-08
0.76 2.916e-08
0.785 3.00371e-08
0.81 3.096083e-08
0.835 3.199401e-08
0.86 3.287863e-08
0.89 3.404418e-08
0.915 3.497273e-08
0.94 3.582054e-08
0.965 3.674509e-08
0.99 3.779614e-08
1.02 3.877096e-08
1.045 3.992363e-08
1.07 4.079681e-08
1.095 4.164427e-08
1.12 4.257583e-08
1.15 4.375401e-08
1.175 4.465e-08
1.175 4.461936e-08
1.15 4.362952e-08
1.12 4.24388e-08
1.095 4.154012e-08
1.07 4.059594e-08
1.045 3.967336e-08
1.02 3.857712e-08
0.99 3.75382e-08
0.965 3.647119e-08
0.94 3.555444e-08
0.915 3.463477e-08
0.89 3.373924e-08
0.86 3.250935e-08
0.835 3.160494e-08
0.81 3.055175e-08
0.785 2.964034e-08
0.76 2.87387e-08
0.73 2.756506e-08
0.705 2.663751e-08
0.68 2.574204e-08
0.655 2.468494e-08
0.63 2.376326e-08
0.6 2.272771e-08
0.575 2.166772e-08
0.55 2.077976e-08
0.525 1.98402e-08
0.5 1.881044e-08
0.47 1.779064e-08
0.445 1.688777e-08
0.42 1.584984e-08
0.395 1.495467e-08
0.37 1.405125e-08
0.34 1.287217e-08
0.315 1.195784e-08
0.29 1.107541e-08
0.265 1.002595e-08
0.24 9.125946e-09
0.21 7.970478e-09
0.185 7.060634e-09
0.16 6.149355e-09
0.135 5.257435e-09
0.11 4.252402e-09
0.08 3.192329e-09
0.055 2.128174e-09
0.03 1.275092e-09
0.005 3.821181e-10
-0.02 -1.037518e-09
-0.05 -2.073304e-09
-0.075 -3.083965e-09
-0.1 -3.975402e-09
