Wed May  6 20:08:54 2026
-0.1 -6.139196e-08
-0.075 -4.64963e-08
-0.05 -2.971838e-08
-0.02 -1.283444e-08
0.005 1.031319e-08
0.03 2.489384e-08
0.055 3.959758e-08
0.08 5.627108e-08
0.11 7.310727e-08
0.135 8.979534e-08
0.16 1.044258e-07
0.185 1.191039e-07
0.21 1.337887e-07
0.24 1.526141e-07
0.265 1.673707e-07
0.29 1.840135e-07
0.315 1.984879e-07
0.34 2.131941e-07
0.37 2.320535e-07
0.395 2.466242e-07
0.42 2.612569e-07
0.445 2.778544e-07
0.47 2.925701e-07
0.5 3.09355e-07
0.525 3.260748e-07
0.55 3.407695e-07
0.575 3.553664e-07
0.6 3.722542e-07
0.63 3.89054e-07
0.655 4.035917e-07
0.68 4.202152e-07
0.705 4.347455e-07
0.73 4.493162e-07
0.76 4.680536e-07
0.785 4.826997e-07
0.81 4.974077e-07
0.835 5.140498e-07
0.86 5.282442e-07
0.89 5.472695e-07
0.915 5.617928e-07
0.94 5.763529e-07
0.965 5.909603e-07
0.99 6.077696e-07
1.02 6.24306e-07
1.045 6.411344e-07
1.07 6.557956e-07
1.095 6.703515e-07
1.12 6.846587e-07
1.15 7.036238e-07
1.175 7.182238e-07
1.175 7.178571e-07
1.15 7.030604e-07
1.12 6.843908e-07
1.095 6.695005e-07
1.07 6.546829e-07
1.045 6.398058e-07
1.02 6.230578e-07
0.99 6.061559e-07
0.965 5.895849e-07
0.94 5.74727e-07
0.915 5.599505e-07
0.89 5.454326e-07
0.86 5.263498e-07
0.835 5.117977e-07
0.81 4.951539e-07
0.785 4.805191e-07
0.76 4.659693e-07
0.73 4.470333e-07
0.705 4.324871e-07
0.68 4.177919e-07
0.655 4.011962e-07
0.63 3.865298e-07
0.6 3.69906e-07
0.575 3.529312e-07
0.55 3.38471e-07
0.525 3.238901e-07
0.5 3.070651e-07
0.47 2.902685e-07
0.445 2.757793e-07
0.42 2.590077e-07
0.395 2.445193e-07
0.37 2.298652e-07
0.34 2.111677e-07
0.315 1.965476e-07
0.29 1.820451e-07
0.265 1.652532e-07
0.24 1.507214e-07
0.21 1.32002e-07
0.185 1.173753e-07
0.16 1.028214e-07
0.135 8.836929e-08
0.11 7.168974e-08
0.08 5.500977e-08
0.055 3.830239e-08
0.03 2.375501e-08
0.005 9.15189e-09
-0.02 -1.368285e-08
-0.05 -3.027052e-08
-0.075 -4.699399e-08
-0.1 -6.146761e-08
