Thu May  7 03:21:46 2026
-0.1 -2.655255e-09
-0.075 -1.794831e-09
-0.05 -7.838323e-10
-0.02 1.677642e-10
0.005 1.456751e-09
0.03 2.327591e-09
0.055 3.204031e-09
0.08 4.154738e-09
0.11 5.127413e-09
0.135 6.1043e-09
0.16 6.936635e-09
0.185 7.781755e-09
0.21 8.656052e-09
0.24 9.766794e-09
0.265 1.059959e-08
0.29 1.153007e-08
0.315 1.241769e-08
0.34 1.327288e-08
0.37 1.433817e-08
0.395 1.521127e-08
0.42 1.609673e-08
0.445 1.701482e-08
0.47 1.782935e-08
0.5 1.887151e-08
0.525 1.979688e-08
0.55 2.061078e-08
0.575 2.150737e-08
0.6 2.244965e-08
0.63 2.346708e-08
0.655 2.432196e-08
0.68 2.526852e-08
0.705 2.613798e-08
0.73 2.701832e-08
0.76 2.808773e-08
0.785 2.894551e-08
0.81 2.981752e-08
0.835 3.077716e-08
0.86 3.159129e-08
0.89 3.272356e-08
0.915 3.357062e-08
0.94 3.435663e-08
0.965 3.523348e-08
0.99 3.628642e-08
1.02 3.72063e-08
1.045 3.820751e-08
1.07 3.912436e-08
1.095 3.989668e-08
1.12 4.074942e-08
1.15 4.189778e-08
1.175 4.269108e-08
1.175 4.267082e-08
1.15 4.182505e-08
1.12 4.065248e-08
1.095 3.977655e-08
1.07 3.894733e-08
1.045 3.805762e-08
1.02 3.706958e-08
0.99 3.610606e-08
0.965 3.507717e-08
0.94 3.423658e-08
0.915 3.341697e-08
0.89 3.25085e-08
0.86 3.138199e-08
0.835 3.056814e-08
0.81 2.954908e-08
0.785 2.865212e-08
0.76 2.783843e-08
0.73 2.670822e-08
0.705 2.585495e-08
0.68 2.503743e-08
0.655 2.404054e-08
0.63 2.315366e-08
0.6 2.221803e-08
0.575 2.120903e-08
0.55 2.039569e-08
0.525 1.953637e-08
0.5 1.855638e-08
0.47 1.762859e-08
0.445 1.679061e-08
0.42 1.577004e-08
0.395 1.493866e-08
0.37 1.412683e-08
0.34 1.296519e-08
0.315 1.207572e-08
0.29 1.128511e-08
0.265 1.029538e-08
0.24 9.420263e-09
0.21 8.359679e-09
0.185 7.549857e-09
0.16 6.679138e-09
0.135 5.8277e-09
0.11 4.86113e-09
0.08 3.917492e-09
0.055 2.945488e-09
0.03 2.032148e-09
0.005 1.244586e-09
-0.02 -6.894017e-11
-0.05 -1.002461e-09
-0.075 -1.988462e-09
-0.1 -2.801706e-09
