Thu May  7 09:44:56 2026
-0.1 -1.143022e-09
-0.075 -7.794959e-10
-0.05 -4.107093e-10
-0.02 -1.103512e-10
0.005 3.126442e-10
0.03 6.480623e-10
0.055 9.827625e-10
0.08 1.269283e-09
0.11 1.574529e-09
0.135 1.956571e-09
0.16 2.275955e-09
0.185 2.540806e-09
0.21 2.809063e-09
0.24 3.225065e-09
0.265 3.541668e-09
0.29 3.800921e-09
0.315 4.149305e-09
0.34 4.485764e-09
0.37 4.824509e-09
0.395 5.092684e-09
0.42 5.414044e-09
0.445 5.747026e-09
0.47 6.043644e-09
0.5 6.398455e-09
0.525 6.773726e-09
0.55 7.030497e-09
0.575 7.346894e-09
0.6 7.65858e-09
0.63 8.002873e-09
0.655 8.324696e-09
0.68 8.642942e-09
0.705 8.898586e-09
0.73 9.239689e-09
0.76 9.666199e-09
0.785 9.929616e-09
0.81 1.021877e-08
0.835 1.058593e-08
0.86 1.085175e-08
0.89 1.119704e-08
0.915 1.153899e-08
0.94 1.186179e-08
0.965 1.213118e-08
0.99 1.249138e-08
1.02 1.286415e-08
1.045 1.317694e-08
1.07 1.348705e-08
1.095 1.379497e-08
1.12 1.40669e-08
1.15 1.447115e-08
1.175 1.477603e-08
1.175 1.47585e-08
1.15 1.4422e-08
1.12 1.404145e-08
1.095 1.371746e-08
1.07 1.339879e-08
1.045 1.309719e-08
1.02 1.274678e-08
0.99 1.239212e-08
0.965 1.205334e-08
0.94 1.174584e-08
0.915 1.146831e-08
0.89 1.115274e-08
0.86 1.074579e-08
0.835 1.045668e-08
0.81 1.013181e-08
0.785 9.810187e-09
0.76 9.51382e-09
0.73 9.112227e-09
0.705 8.816536e-09
0.68 8.492143e-09
0.655 8.156769e-09
0.63 7.901344e-09
0.6 7.51337e-09
0.575 7.204632e-09
0.55 6.887766e-09
0.525 6.549697e-09
0.5 6.238892e-09
0.47 5.892955e-09
0.445 5.562126e-09
0.42 5.283344e-09
0.395 4.979153e-09
0.37 4.659007e-09
0.34 4.237964e-09
0.315 3.980434e-09
0.29 3.73006e-09
0.265 3.352061e-09
0.24 3.019506e-09
0.21 2.664941e-09
0.185 2.423488e-09
0.16 2.072334e-09
0.135 1.760859e-09
0.11 1.4408e-09
0.08 1.134166e-09
0.055 7.722382e-10
0.03 4.322772e-10
0.005 1.928855e-10
-0.02 -2.348795e-10
-0.05 -5.954186e-10
-0.075 -9.642886e-10
-0.1 -1.226349e-09
