Thu May  7 05:11:28 2026
-0.1 -7.361438e-09
-0.075 -5.510518e-09
-0.05 -3.464951e-09
-0.02 -1.371752e-09
0.005 1.391777e-09
0.03 3.155547e-09
0.055 4.961478e-09
0.08 7.021667e-09
0.11 9.055413e-09
0.135 1.107144e-08
0.16 1.287894e-08
0.185 1.465492e-08
0.21 1.643749e-08
0.24 1.873623e-08
0.265 2.051251e-08
0.29 2.255099e-08
0.315 2.433706e-08
0.34 2.613253e-08
0.37 2.83954e-08
0.395 3.014836e-08
0.42 3.193396e-08
0.445 3.393988e-08
0.47 3.572428e-08
0.5 3.775862e-08
0.525 3.978305e-08
0.55 4.154068e-08
0.575 4.333854e-08
0.6 4.535227e-08
0.63 4.740371e-08
0.655 4.914826e-08
0.68 5.119449e-08
0.705 5.296194e-08
0.73 5.473187e-08
0.76 5.702979e-08
0.785 5.88116e-08
0.81 6.053874e-08
0.835 6.257107e-08
0.86 6.43491e-08
0.89 6.66469e-08
0.915 6.836395e-08
0.94 7.017214e-08
0.965 7.19212e-08
0.99 7.391054e-08
1.02 7.59667e-08
1.045 7.80288e-08
1.07 7.976249e-08
1.095 8.156245e-08
1.12 8.333236e-08
1.15 8.556417e-08
1.175 8.736194e-08
1.175 8.737437e-08
1.15 8.549262e-08
1.12 8.315205e-08
1.095 8.139179e-08
1.07 7.956055e-08
1.045 7.776475e-08
1.02 7.5722e-08
0.99 7.364032e-08
0.965 7.158054e-08
0.94 6.981077e-08
0.915 6.801491e-08
0.89 6.622388e-08
0.86 6.395408e-08
0.835 6.213855e-08
0.81 6.00993e-08
0.785 5.832266e-08
0.76 5.654203e-08
0.73 5.421065e-08
0.705 5.247376e-08
0.68 5.067682e-08
0.655 4.863001e-08
0.63 4.689456e-08
0.6 4.487178e-08
0.575 4.283582e-08
0.55 4.10415e-08
0.525 3.928434e-08
0.5 3.723297e-08
0.47 3.518478e-08
0.445 3.343938e-08
0.42 3.141652e-08
0.395 2.963002e-08
0.37 2.783726e-08
0.34 2.558096e-08
0.315 2.376628e-08
0.29 2.200156e-08
0.265 2.001766e-08
0.24 1.82207e-08
0.21 1.589975e-08
0.185 1.41781e-08
0.16 1.238289e-08
0.135 1.057351e-08
0.11 8.613111e-09
0.08 6.576071e-09
0.055 4.51939e-09
0.03 2.77868e-09
0.005 1.048953e-09
-0.02 -1.737885e-09
-0.05 -3.79237e-09
-0.075 -5.788982e-09
-0.1 -7.584056e-09
