Thu May  7 00:08:00 2026
-0.1 -7.247264e-09
-0.075 -5.230611e-09
-0.05 -2.896938e-09
-0.02 -5.447065e-10
0.005 2.524776e-09
0.03 4.4854e-09
0.055 6.555763e-09
0.08 8.864303e-09
0.11 1.112958e-08
0.135 1.34305e-08
0.16 1.550914e-08
0.185 1.74677e-08
0.21 1.947232e-08
0.24 2.208363e-08
0.265 2.406561e-08
0.29 2.636489e-08
0.315 2.842122e-08
0.34 3.038787e-08
0.37 3.293767e-08
0.395 3.500308e-08
0.42 3.699271e-08
0.445 3.929177e-08
0.47 4.13418e-08
0.5 4.365411e-08
0.525 4.582812e-08
0.55 4.794128e-08
0.575 4.989554e-08
0.6 5.223902e-08
0.63 5.450859e-08
0.655 5.652385e-08
0.68 5.885093e-08
0.705 6.077544e-08
0.73 6.280845e-08
0.76 6.542908e-08
0.785 6.754689e-08
0.81 6.941404e-08
0.835 7.184669e-08
0.86 7.374681e-08
0.89 7.628289e-08
0.915 7.841286e-08
0.94 8.03637e-08
0.965 8.248153e-08
0.99 8.478406e-08
1.02 8.712262e-08
1.045 8.932739e-08
1.07 9.138802e-08
1.095 9.341313e-08
1.12 9.539768e-08
1.15 9.802366e-08
1.175 1.00076e-07
1.175 9.994199e-08
1.15 9.785151e-08
1.12 9.512831e-08
1.095 9.304922e-08
1.07 9.113156e-08
1.045 8.905899e-08
1.02 8.663479e-08
0.99 8.433106e-08
0.965 8.201368e-08
0.94 7.993486e-08
0.915 7.794805e-08
0.89 7.589304e-08
0.86 7.325173e-08
0.835 7.12856e-08
0.81 6.900106e-08
0.785 6.70085e-08
0.76 6.494054e-08
0.73 6.23487e-08
0.705 6.030953e-08
0.68 5.827208e-08
0.655 5.597488e-08
0.63 5.394664e-08
0.6 5.160548e-08
0.575 4.930252e-08
0.55 4.732269e-08
0.525 4.533047e-08
0.5 4.30209e-08
0.47 4.077465e-08
0.445 3.8812e-08
0.42 3.643122e-08
0.395 3.44058e-08
0.37 3.245938e-08
0.34 2.985367e-08
0.315 2.785377e-08
0.29 2.586586e-08
0.265 2.357372e-08
0.24 2.15423e-08
0.21 1.898234e-08
0.185 1.698889e-08
0.16 1.498626e-08
0.135 1.303818e-08
0.11 1.074821e-08
0.08 8.449313e-09
0.055 6.190972e-09
0.03 4.229003e-09
0.005 2.210525e-09
-0.02 -8.734294e-10
-0.05 -3.104966e-09
-0.075 -5.385996e-09
-0.1 -7.378872e-09
