Wed May  6 22:09:33 2026
-0.1 -9.296847e-09
-0.075 -7.110348e-09
-0.05 -4.690196e-09
-0.02 -2.292774e-09
0.005 9.613844e-10
0.03 3.068861e-09
0.055 5.124864e-09
0.08 7.499593e-09
0.11 9.896122e-09
0.135 1.227592e-08
0.16 1.431376e-08
0.185 1.641332e-08
0.21 1.848916e-08
0.24 2.115686e-08
0.265 2.320234e-08
0.29 2.559918e-08
0.315 2.764005e-08
0.34 2.967006e-08
0.37 3.235693e-08
0.395 3.441276e-08
0.42 3.646982e-08
0.445 3.881701e-08
0.47 4.088403e-08
0.5 4.325953e-08
0.525 4.563161e-08
0.55 4.766227e-08
0.575 4.969993e-08
0.6 5.210768e-08
0.63 5.443112e-08
0.655 5.653399e-08
0.68 5.887138e-08
0.705 6.089341e-08
0.73 6.291688e-08
0.76 6.559726e-08
0.785 6.760457e-08
0.81 6.966702e-08
0.835 7.200649e-08
0.86 7.412595e-08
0.89 7.672926e-08
0.915 7.877112e-08
0.94 8.082543e-08
0.965 8.285294e-08
0.99 8.519818e-08
1.02 8.757472e-08
1.045 8.993432e-08
1.07 9.195536e-08
1.095 9.402194e-08
1.12 9.607492e-08
1.15 9.872691e-08
1.175 1.007088e-07
1.175 1.006564e-07
1.15 9.848284e-08
1.12 9.577823e-08
1.095 9.370149e-08
1.07 9.157665e-08
1.045 8.943613e-08
1.02 8.706252e-08
0.99 8.466419e-08
0.965 8.220898e-08
0.94 8.015717e-08
0.915 7.809275e-08
0.89 7.595344e-08
0.86 7.326621e-08
0.835 7.121312e-08
0.81 6.882926e-08
0.785 6.675104e-08
0.76 6.467468e-08
0.73 6.200605e-08
0.705 5.991169e-08
0.68 5.784233e-08
0.655 5.545845e-08
0.63 5.341397e-08
0.6 5.097605e-08
0.575 4.863713e-08
0.55 4.657337e-08
0.525 4.450957e-08
0.5 4.215565e-08
0.47 3.979457e-08
0.445 3.772789e-08
0.42 3.540594e-08
0.395 3.33465e-08
0.37 3.127595e-08
0.34 2.863688e-08
0.315 2.660853e-08
0.29 2.454104e-08
0.265 2.219733e-08
0.24 2.013198e-08
0.21 1.746857e-08
0.185 1.544242e-08
0.16 1.33968e-08
0.135 1.134407e-08
0.11 8.989437e-09
0.08 6.675005e-09
0.055 4.340549e-09
0.03 2.327882e-09
0.005 2.679132e-10
-0.02 -2.956233e-09
-0.05 -5.300222e-09
-0.075 -7.639237e-09
-0.1 -9.670956e-09
