Wed May  6 22:42:50 2026
-0.1 -5.675962e-08
-0.075 -4.281719e-08
-0.05 -2.697373e-08
-0.02 -1.117954e-08
0.005 1.01482e-08
0.03 2.389166e-08
0.055 3.767104e-08
0.08 5.343009e-08
0.11 6.92409e-08
0.135 8.49619e-08
0.16 9.871432e-08
0.185 1.126594e-07
0.21 1.264169e-07
0.24 1.442002e-07
0.265 1.579926e-07
0.29 1.738201e-07
0.315 1.875676e-07
0.34 2.013162e-07
0.37 2.190434e-07
0.395 2.327531e-07
0.42 2.464797e-07
0.445 2.623643e-07
0.47 2.763061e-07
0.5 2.920278e-07
0.525 3.078079e-07
0.55 3.218653e-07
0.575 3.356111e-07
0.6 3.514049e-07
0.63 3.671413e-07
0.655 3.809084e-07
0.68 3.968395e-07
0.705 4.106709e-07
0.73 4.246278e-07
0.76 4.42437e-07
0.785 4.562265e-07
0.81 4.698429e-07
0.835 4.855822e-07
0.86 4.992728e-07
0.89 5.171065e-07
0.915 5.310563e-07
0.94 5.450055e-07
0.965 5.587629e-07
0.99 5.743659e-07
1.02 5.900984e-07
1.045 6.060819e-07
1.07 6.198432e-07
1.095 6.337903e-07
1.12 6.477417e-07
1.15 6.654629e-07
1.175 6.791451e-07
1.175 6.79169e-07
1.15 6.650455e-07
1.12 6.472267e-07
1.095 6.33203e-07
1.07 6.192822e-07
1.045 6.054394e-07
1.02 5.895039e-07
0.99 5.734333e-07
0.965 5.576852e-07
0.94 5.438738e-07
0.915 5.298838e-07
0.89 5.160358e-07
0.86 4.982843e-07
0.835 4.845563e-07
0.81 4.685597e-07
0.785 4.548336e-07
0.76 4.409951e-07
0.73 4.229757e-07
0.705 4.091414e-07
0.68 3.953384e-07
0.655 3.795351e-07
0.63 3.656676e-07
0.6 3.498893e-07
0.575 3.339339e-07
0.55 3.202363e-07
0.525 3.062102e-07
0.5 2.904767e-07
0.47 2.747377e-07
0.445 2.607906e-07
0.42 2.450481e-07
0.395 2.311105e-07
0.37 2.173175e-07
0.34 1.995905e-07
0.315 1.85867e-07
0.29 1.720264e-07
0.265 1.562029e-07
0.24 1.424226e-07
0.21 1.247155e-07
0.185 1.109126e-07
0.16 9.717644e-08
0.135 8.333728e-08
0.11 6.768016e-08
0.08 5.1966e-08
0.055 3.618256e-08
0.03 2.23792e-08
0.005 8.624203e-09
-0.02 -1.262363e-08
-0.05 -2.835752e-08
-0.075 -4.405353e-08
-0.1 -5.779523e-08
