Thu May  7 06:35:33 2026
-0.1 -1.647112e-09
-0.075 -1.155565e-09
-0.05 -5.710087e-10
-0.02 -9.915678e-11
0.005 5.270401e-10
0.03 1.047103e-09
0.055 1.572257e-09
0.08 2.036018e-09
0.11 2.515686e-09
0.135 3.096133e-09
0.16 3.601598e-09
0.185 3.9942e-09
0.21 4.396479e-09
0.24 5.068953e-09
0.265 5.578961e-09
0.29 6.018476e-09
0.315 6.423749e-09
0.34 6.934801e-09
0.37 7.513411e-09
0.395 7.960042e-09
0.42 8.4017e-09
0.445 8.956408e-09
0.47 9.500541e-09
0.5 9.921323e-09
0.525 1.045012e-08
0.55 1.098432e-08
0.575 1.135979e-08
0.6 1.19401e-08
0.63 1.238993e-08
0.655 1.277245e-08
0.68 1.336612e-08
0.705 1.381436e-08
0.73 1.426463e-08
0.76 1.488105e-08
0.785 1.536215e-08
0.81 1.577738e-08
0.835 1.624329e-08
0.86 1.677518e-08
0.89 1.74027e-08
0.915 1.776266e-08
0.94 1.825318e-08
0.965 1.876345e-08
0.99 1.92432e-08
1.02 1.969836e-08
1.045 2.030326e-08
1.07 2.072252e-08
1.095 2.116511e-08
1.12 2.165148e-08
1.15 2.228161e-08
1.175 2.268326e-08
1.175 2.266557e-08
1.15 2.222724e-08
1.12 2.155046e-08
1.095 2.112971e-08
1.07 2.072128e-08
1.045 2.016965e-08
1.02 1.967626e-08
0.99 1.918792e-08
0.965 1.86004e-08
0.94 1.805815e-08
0.915 1.767282e-08
0.89 1.720517e-08
0.86 1.656589e-08
0.835 1.617272e-08
0.81 1.570111e-08
0.785 1.517092e-08
0.76 1.466004e-08
0.73 1.415295e-08
0.705 1.363553e-08
0.68 1.316021e-08
0.655 1.26774e-08
0.63 1.221571e-08
0.6 1.162274e-08
0.575 1.116104e-08
0.55 1.066366e-08
0.525 1.025177e-08
0.5 9.727123e-09
0.47 9.190251e-09
0.445 8.753698e-09
0.42 8.2328e-09
0.395 7.778588e-09
0.37 7.27464e-09
0.34 6.742205e-09
0.315 6.303611e-09
0.29 5.817133e-09
0.265 5.279519e-09
0.24 4.869746e-09
0.21 4.304782e-09
0.185 3.817377e-09
0.16 3.3104e-09
0.135 2.903741e-09
0.11 2.40089e-09
0.08 1.860841e-09
0.055 1.334845e-09
0.03 8.903147e-10
0.005 4.698538e-10
-0.02 -2.760806e-10
-0.05 -7.760026e-10
-0.075 -1.290655e-09
-0.1 -1.732966e-09
