Wed May  6 20:53:08 2026
-0.1 -1.934532e-08
-0.075 -1.490624e-08
-0.05 -9.915378e-09
-0.02 -4.904288e-09
0.005 1.871359e-09
0.03 6.159404e-09
0.055 1.053636e-08
0.08 1.55032e-08
0.11 2.041957e-08
0.135 2.537474e-08
0.16 2.968979e-08
0.185 3.40324e-08
0.21 3.836821e-08
0.24 4.392252e-08
0.265 4.826804e-08
0.29 5.318689e-08
0.315 5.749734e-08
0.34 6.187396e-08
0.37 6.735992e-08
0.395 7.173175e-08
0.42 7.595743e-08
0.445 8.094688e-08
0.47 8.52438e-08
0.5 9.014331e-08
0.525 9.509532e-08
0.55 9.939395e-08
0.575 1.037176e-07
0.6 1.086896e-07
0.63 1.135789e-07
0.655 1.178907e-07
0.68 1.228414e-07
0.705 1.271032e-07
0.73 1.313936e-07
0.76 1.370031e-07
0.785 1.412874e-07
0.81 1.455887e-07
0.835 1.505151e-07
0.86 1.547933e-07
0.89 1.603783e-07
0.915 1.646284e-07
0.94 1.689761e-07
0.965 1.73311e-07
0.99 1.782379e-07
1.02 1.8305e-07
1.045 1.88066e-07
1.07 1.923832e-07
1.095 1.9666e-07
1.12 2.009131e-07
1.15 2.064776e-07
1.175 2.107654e-07
1.175 2.106747e-07
1.15 2.063697e-07
1.12 2.005262e-07
1.095 1.961692e-07
1.07 1.918157e-07
1.045 1.874782e-07
1.02 1.823811e-07
0.99 1.774086e-07
0.965 1.724218e-07
0.94 1.680213e-07
0.915 1.637444e-07
0.89 1.593778e-07
0.86 1.537693e-07
0.835 1.494374e-07
0.81 1.445342e-07
0.785 1.401856e-07
0.76 1.359067e-07
0.73 1.303153e-07
0.705 1.259804e-07
0.68 1.21665e-07
0.655 1.16747e-07
0.63 1.123804e-07
0.6 1.074325e-07
0.575 1.025036e-07
0.55 9.820309e-08
0.525 9.388403e-08
0.5 8.8995e-08
0.47 8.40489e-08
0.445 7.973799e-08
0.42 7.48131e-08
0.395 7.05359e-08
0.37 6.620223e-08
0.34 6.067904e-08
0.315 5.640097e-08
0.29 5.211363e-08
0.265 4.720913e-08
0.24 4.29059e-08
0.21 3.735186e-08
0.185 3.305918e-08
0.16 2.876872e-08
0.135 2.448508e-08
0.11 1.957713e-08
0.08 1.468214e-08
0.055 9.797782e-09
0.03 5.523161e-09
0.005 1.21782e-09
-0.02 -5.487288e-09
-0.05 -1.035065e-08
-0.075 -1.524173e-08
-0.1 -1.956006e-08
