Wed May  6 23:25:58 2026
-0.1 -7.551749e-09
-0.075 -5.633454e-09
-0.05 -3.503384e-09
-0.02 -1.348522e-09
0.005 1.44522e-09
0.03 3.266386e-09
0.055 5.08019e-09
0.08 7.202992e-09
0.11 9.305765e-09
0.135 1.137259e-08
0.16 1.313228e-08
0.185 1.497315e-08
0.21 1.682655e-08
0.24 1.912691e-08
0.265 2.094497e-08
0.29 2.302166e-08
0.315 2.485347e-08
0.34 2.663986e-08
0.37 2.90135e-08
0.395 3.077019e-08
0.42 3.258112e-08
0.445 3.467392e-08
0.47 3.646278e-08
0.5 3.850869e-08
0.525 4.062884e-08
0.55 4.237676e-08
0.575 4.419969e-08
0.6 4.630822e-08
0.63 4.833928e-08
0.655 5.018503e-08
0.68 5.220683e-08
0.705 5.402454e-08
0.73 5.586978e-08
0.76 5.819988e-08
0.785 5.99768e-08
0.81 6.182752e-08
0.835 6.390476e-08
0.86 6.56447e-08
0.89 6.803229e-08
0.915 6.984573e-08
0.94 7.163674e-08
0.965 7.343969e-08
0.99 7.551768e-08
1.02 7.760877e-08
1.045 7.97032e-08
1.07 8.142052e-08
1.095 8.330573e-08
1.12 8.510438e-08
1.15 8.738726e-08
1.175 8.920451e-08
1.175 8.923445e-08
1.15 8.717498e-08
1.12 8.471411e-08
1.095 8.290804e-08
1.07 8.101234e-08
1.045 7.906461e-08
1.02 7.697189e-08
0.99 7.485777e-08
0.965 7.274417e-08
0.94 7.090649e-08
0.915 6.907851e-08
0.89 6.721032e-08
0.86 6.475746e-08
0.835 6.299149e-08
0.81 6.093398e-08
0.785 5.905421e-08
0.76 5.720641e-08
0.73 5.484333e-08
0.705 5.303594e-08
0.68 5.115328e-08
0.655 4.909589e-08
0.63 4.728353e-08
0.6 4.513682e-08
0.575 4.307615e-08
0.55 4.124275e-08
0.525 3.947277e-08
0.5 3.737832e-08
0.47 3.526739e-08
0.445 3.348914e-08
0.42 3.142468e-08
0.395 2.957061e-08
0.37 2.771983e-08
0.34 2.542535e-08
0.315 2.361846e-08
0.29 2.175343e-08
0.265 1.973221e-08
0.24 1.796171e-08
0.21 1.555824e-08
0.185 1.37219e-08
0.16 1.193792e-08
0.135 1.013094e-08
0.11 8.051574e-09
0.08 6.003757e-09
0.055 3.961167e-09
0.03 2.136674e-09
0.005 3.222813e-10
-0.02 -2.456778e-09
-0.05 -4.522379e-09
-0.075 -6.601195e-09
-0.1 -8.402875e-09
