Thu May  7 11:03:33 2026
-0.1 -1.529272e-09
-0.075 -1.07682e-09
-0.05 -5.542158e-10
-0.02 -1.236498e-10
0.005 4.785215e-10
0.03 9.133707e-10
0.055 1.341237e-09
0.08 1.760937e-09
0.11 2.245651e-09
0.135 2.735458e-09
0.16 3.084087e-09
0.185 3.490828e-09
0.21 3.892856e-09
0.24 4.422971e-09
0.265 4.756249e-09
0.29 5.244571e-09
0.315 5.68011e-09
0.34 6.036177e-09
0.37 6.543063e-09
0.395 6.975857e-09
0.42 7.331386e-09
0.445 7.739398e-09
0.47 8.178915e-09
0.5 8.658925e-09
0.525 9.056666e-09
0.55 9.472191e-09
0.575 9.824055e-09
0.6 1.032644e-08
0.63 1.078971e-08
0.655 1.11129e-08
0.68 1.162128e-08
0.705 1.20039e-08
0.73 1.237335e-08
0.76 1.294446e-08
0.785 1.332727e-08
0.81 1.369e-08
0.835 1.41985e-08
0.86 1.458033e-08
0.89 1.509916e-08
0.915 1.552783e-08
0.94 1.588791e-08
0.965 1.629666e-08
0.99 1.677829e-08
1.02 1.718431e-08
1.045 1.764172e-08
1.07 1.808707e-08
1.095 1.843738e-08
1.12 1.887201e-08
1.15 1.941127e-08
1.175 1.975947e-08
1.175 1.973029e-08
1.15 1.929503e-08
1.12 1.871047e-08
1.095 1.832504e-08
1.07 1.790649e-08
1.045 1.746569e-08
1.02 1.701357e-08
0.99 1.65744e-08
0.965 1.605382e-08
0.94 1.568771e-08
0.915 1.527215e-08
0.89 1.481889e-08
0.86 1.434324e-08
0.835 1.392227e-08
0.81 1.3424e-08
0.785 1.306654e-08
0.76 1.263118e-08
0.73 1.206079e-08
0.705 1.174532e-08
0.68 1.131578e-08
0.655 1.078945e-08
0.63 1.047787e-08
0.6 9.99288e-09
0.575 9.590805e-09
0.55 9.139001e-09
0.525 8.688492e-09
0.5 8.310148e-09
0.47 7.813743e-09
0.445 7.363786e-09
0.42 6.981913e-09
0.395 6.580605e-09
0.37 6.11625e-09
0.34 5.657301e-09
0.315 5.295417e-09
0.29 4.813224e-09
0.265 4.429331e-09
0.24 4.056425e-09
0.21 3.465203e-09
0.185 3.115484e-09
0.16 2.770721e-09
0.135 2.305492e-09
0.11 1.859318e-09
0.08 1.428427e-09
0.055 9.383661e-10
0.03 4.931222e-10
0.005 1.45293e-10
-0.02 -4.12981e-10
-0.05 -9.157196e-10
-0.075 -1.425363e-09
-0.1 -1.769403e-09
