Thu May  7 00:46:46 2026
-0.1 -5.655834e-09
-0.075 -3.988062e-09
-0.05 -2.003481e-09
-0.02 -9.22128e-11
0.005 2.484924e-09
0.03 4.140759e-09
0.055 5.771856e-09
0.08 7.708736e-09
0.11 9.645633e-09
0.135 1.149966e-08
0.16 1.318294e-08
0.185 1.482898e-08
0.21 1.649953e-08
0.24 1.861628e-08
0.265 2.030949e-08
0.29 2.218764e-08
0.315 2.38358e-08
0.34 2.551452e-08
0.37 2.770603e-08
0.395 2.933143e-08
0.42 3.096753e-08
0.445 3.293642e-08
0.47 3.452261e-08
0.5 3.640669e-08
0.525 3.835665e-08
0.55 4.010329e-08
0.575 4.170579e-08
0.6 4.366868e-08
0.63 4.550811e-08
0.655 4.721331e-08
0.68 4.911407e-08
0.705 5.071375e-08
0.73 5.242886e-08
0.76 5.460177e-08
0.785 5.62008e-08
0.81 5.785984e-08
0.835 5.983346e-08
0.86 6.142206e-08
0.89 6.352627e-08
0.915 6.519915e-08
0.94 6.695021e-08
0.965 6.856069e-08
0.99 7.046318e-08
1.02 7.246302e-08
1.045 7.428002e-08
1.07 7.589357e-08
1.095 7.761016e-08
1.12 7.949362e-08
1.15 8.152085e-08
1.175 8.321807e-08
1.175 8.320443e-08
1.15 8.135967e-08
1.12 7.918019e-08
1.095 7.752393e-08
1.07 7.59004e-08
1.045 7.406904e-08
1.02 7.214422e-08
0.99 7.029773e-08
0.965 6.830353e-08
0.94 6.665211e-08
0.915 6.493111e-08
0.89 6.322611e-08
0.86 6.097543e-08
0.835 5.933773e-08
0.81 5.743878e-08
0.785 5.575914e-08
0.76 5.407412e-08
0.73 5.197722e-08
0.705 5.023832e-08
0.68 4.855936e-08
0.655 4.67316e-08
0.63 4.497933e-08
0.6 4.301979e-08
0.575 4.116462e-08
0.55 3.948907e-08
0.525 3.783868e-08
0.5 3.59083e-08
0.47 3.397887e-08
0.445 3.23716e-08
0.42 3.053802e-08
0.395 2.880718e-08
0.37 2.715594e-08
0.34 2.504142e-08
0.315 2.336146e-08
0.29 2.171091e-08
0.265 1.985748e-08
0.24 1.816957e-08
0.21 1.601652e-08
0.185 1.440387e-08
0.16 1.280632e-08
0.135 1.11082e-08
0.11 9.224877e-09
0.08 7.351745e-09
0.055 5.477839e-09
0.03 3.814431e-09
0.005 2.14496e-09
-0.02 -3.904661e-10
-0.05 -2.223585e-09
-0.075 -4.118069e-09
-0.1 -5.738655e-09
