Thu May  7 03:55:03 2026
-0.1 -4.83611e-09
-0.075 -3.603621e-09
-0.05 -2.244165e-09
-0.02 -8.94891e-10
0.005 9.471639e-10
0.03 2.064546e-09
0.055 3.224392e-09
0.08 4.623796e-09
0.11 5.927372e-09
0.135 7.247538e-09
0.16 8.427538e-09
0.185 9.603712e-09
0.21 1.074873e-08
0.24 1.22705e-08
0.265 1.344066e-08
0.29 1.474567e-08
0.315 1.594115e-08
0.34 1.709133e-08
0.37 1.856578e-08
0.395 1.972097e-08
0.42 2.089924e-08
0.445 2.221326e-08
0.47 2.33991e-08
0.5 2.472027e-08
0.525 2.605837e-08
0.55 2.722887e-08
0.575 2.838016e-08
0.6 2.974437e-08
0.63 3.1087e-08
0.655 3.224883e-08
0.68 3.355305e-08
0.705 3.476036e-08
0.73 3.590175e-08
0.76 3.742781e-08
0.785 3.858807e-08
0.81 3.976481e-08
0.835 4.110193e-08
0.86 4.225375e-08
0.89 4.381283e-08
0.915 4.495605e-08
0.94 4.615012e-08
0.965 4.730856e-08
0.99 4.865816e-08
1.02 4.999277e-08
1.045 5.138926e-08
1.07 5.248982e-08
1.095 5.369547e-08
1.12 5.486175e-08
1.15 5.638337e-08
1.175 5.7557e-08
1.175 5.750705e-08
1.15 5.627157e-08
1.12 5.474306e-08
1.095 5.352789e-08
1.07 5.233884e-08
1.045 5.115529e-08
1.02 4.977583e-08
0.99 4.842065e-08
0.965 4.706887e-08
0.94 4.585675e-08
0.915 4.466674e-08
0.89 4.349844e-08
0.86 4.198547e-08
0.835 4.076871e-08
0.81 3.945524e-08
0.785 3.825449e-08
0.76 3.708595e-08
0.73 3.557509e-08
0.705 3.438711e-08
0.68 3.319722e-08
0.655 3.185154e-08
0.63 3.067023e-08
0.6 2.935935e-08
0.575 2.800096e-08
0.55 2.681973e-08
0.525 2.566021e-08
0.5 2.430331e-08
0.47 2.295799e-08
0.445 2.181577e-08
0.42 2.044098e-08
0.395 1.925545e-08
0.37 1.814328e-08
0.34 1.659962e-08
0.315 1.541617e-08
0.29 1.426649e-08
0.265 1.290791e-08
0.24 1.174233e-08
0.21 1.026511e-08
0.185 9.099434e-09
0.16 7.918501e-09
0.135 6.756975e-09
0.11 5.443711e-09
0.08 4.086939e-09
0.055 2.754402e-09
0.03 1.589637e-09
0.005 4.370322e-10
-0.02 -1.363042e-09
-0.05 -2.698805e-09
-0.075 -4.02847e-09
-0.1 -5.187267e-09
