Thu May  7 00:39:06 2026
-0.1 -3.476393e-08
-0.075 -2.614345e-08
-0.05 -1.634165e-08
-0.02 -6.535949e-09
0.005 6.617796e-09
0.03 1.510913e-08
0.055 2.367094e-08
0.08 3.346999e-08
0.11 4.323164e-08
0.135 5.295811e-08
0.16 6.148671e-08
0.185 7.004357e-08
0.21 7.855891e-08
0.24 8.955897e-08
0.265 9.813076e-08
0.29 1.078895e-07
0.315 1.164836e-07
0.34 1.249527e-07
0.37 1.35927e-07
0.395 1.444955e-07
0.42 1.53276e-07
0.445 1.628628e-07
0.47 1.716002e-07
0.5 1.813497e-07
0.525 1.91071e-07
0.55 1.99558e-07
0.575 2.080713e-07
0.6 2.179571e-07
0.63 2.278537e-07
0.655 2.363971e-07
0.68 2.461102e-07
0.705 2.54659e-07
0.73 2.632755e-07
0.76 2.743759e-07
0.785 2.829273e-07
0.81 2.914751e-07
0.835 3.012698e-07
0.86 3.09682e-07
0.89 3.207436e-07
0.915 3.292212e-07
0.94 3.379357e-07
0.965 3.464474e-07
0.99 3.56237e-07
1.02 3.661056e-07
1.045 3.760431e-07
1.07 3.845893e-07
1.095 3.931762e-07
1.12 4.017982e-07
1.15 4.127556e-07
1.175 4.213181e-07
1.175 4.212577e-07
1.15 4.125624e-07
1.12 4.014419e-07
1.095 3.928514e-07
1.07 3.842481e-07
1.045 3.75533e-07
1.02 3.656551e-07
0.99 3.558053e-07
0.965 3.459539e-07
0.94 3.372676e-07
0.915 3.286955e-07
0.89 3.201006e-07
0.86 3.090273e-07
0.835 3.003695e-07
0.81 2.907417e-07
0.785 2.820518e-07
0.76 2.734915e-07
0.73 2.624477e-07
0.705 2.537436e-07
0.68 2.45141e-07
0.655 2.353858e-07
0.63 2.268319e-07
0.6 2.169177e-07
0.575 2.070619e-07
0.55 1.984802e-07
0.525 1.899247e-07
0.5 1.801294e-07
0.47 1.703356e-07
0.445 1.617664e-07
0.42 1.52074e-07
0.395 1.434215e-07
0.37 1.348072e-07
0.34 1.238636e-07
0.315 1.153108e-07
0.29 1.067182e-07
0.265 9.69513e-08
0.24 8.843492e-08
0.21 7.739688e-08
0.185 6.884314e-08
0.16 6.033735e-08
0.135 5.183752e-08
0.11 4.205652e-08
0.08 3.229155e-08
0.055 2.257246e-08
0.03 1.399471e-08
0.005 5.508688e-09
-0.02 -7.624648e-09
-0.05 -1.734264e-08
-0.075 -2.707526e-08
-0.1 -3.555176e-08
