Thu May  7 11:43:24 2026
-0.1 -1.145667e-09
-0.075 -8.45565e-10
-0.05 -5.385591e-10
-0.02 -2.234735e-10
0.005 1.951145e-10
0.03 4.536087e-10
0.055 7.684889e-10
0.08 1.03704e-09
0.11 1.328862e-09
0.135 1.638314e-09
0.16 1.927988e-09
0.185 2.165314e-09
0.21 2.424692e-09
0.24 2.769074e-09
0.265 3.040825e-09
0.29 3.285219e-09
0.315 3.587941e-09
0.34 3.876015e-09
0.37 4.200746e-09
0.395 4.480908e-09
0.42 4.724549e-09
0.445 5.041919e-09
0.47 5.285473e-09
0.5 5.600447e-09
0.525 5.900422e-09
0.55 6.152942e-09
0.575 6.418672e-09
0.6 6.715299e-09
0.63 7.031308e-09
0.655 7.29232e-09
0.68 7.586934e-09
0.705 7.852701e-09
0.73 8.118009e-09
0.76 8.461753e-09
0.785 8.717935e-09
0.81 8.990906e-09
0.835 9.299693e-09
0.86 9.555478e-09
0.89 9.886691e-09
0.915 1.0143e-08
0.94 1.041261e-08
0.965 1.066853e-08
0.99 1.098921e-08
1.02 1.127431e-08
1.045 1.157072e-08
1.07 1.184882e-08
1.095 1.210218e-08
1.12 1.235734e-08
1.15 1.270516e-08
1.175 1.298437e-08
1.175 1.294814e-08
1.15 1.266858e-08
1.12 1.230612e-08
1.095 1.204137e-08
1.07 1.176257e-08
1.045 1.147767e-08
1.02 1.117378e-08
0.99 1.085783e-08
0.965 1.056679e-08
0.94 1.030467e-08
0.915 1.00325e-08
0.89 9.752125e-09
0.86 9.414648e-09
0.835 9.164062e-09
0.81 8.837606e-09
0.785 8.579493e-09
0.76 8.322932e-09
0.73 7.956801e-09
0.705 7.706302e-09
0.68 7.449364e-09
0.655 7.120599e-09
0.63 6.874559e-09
0.6 6.56658e-09
0.575 6.242187e-09
0.55 6.008024e-09
0.525 5.725917e-09
0.5 5.405101e-09
0.47 5.121908e-09
0.445 4.88167e-09
0.42 4.548534e-09
0.395 4.318065e-09
0.37 4.03693e-09
0.34 3.679755e-09
0.315 3.39282e-09
0.29 3.16538e-09
0.265 2.887232e-09
0.24 2.599746e-09
0.21 2.254906e-09
0.185 2.024478e-09
0.16 1.727944e-09
0.135 1.456742e-09
0.11 1.180743e-09
0.08 8.914469e-10
0.055 5.787528e-10
0.03 3.242145e-10
0.005 5.717817e-11
-0.02 -3.422356e-10
-0.05 -6.590046e-10
-0.075 -1.002244e-09
-0.1 -1.211909e-09
