Thu May  7 11:04:39 2026
-0.1 -1.25101e-09
-0.075 -9.050747e-10
-0.05 -5.234521e-10
-0.02 -2.556685e-10
0.005 2.038675e-10
0.03 5.379792e-10
0.055 7.776655e-10
0.08 1.054675e-09
0.11 1.44833e-09
0.135 1.820479e-09
0.16 2.031844e-09
0.185 2.357837e-09
0.21 2.683868e-09
0.24 2.993698e-09
0.265 3.29074e-09
0.29 3.646062e-09
0.315 3.878342e-09
0.34 4.115877e-09
0.37 4.546651e-09
0.395 4.814907e-09
0.42 5.06638e-09
0.445 5.431247e-09
0.47 5.744898e-09
0.5 6.02692e-09
0.525 6.376476e-09
0.55 6.689296e-09
0.575 6.916363e-09
0.6 7.284688e-09
0.63 7.541198e-09
0.655 7.855829e-09
0.68 8.237483e-09
0.705 8.451341e-09
0.73 8.755058e-09
0.76 9.159207e-09
0.785 9.392351e-09
0.81 9.703954e-09
0.835 1.003852e-08
0.86 1.028684e-08
0.89 1.066037e-08
0.915 1.094758e-08
0.94 1.120153e-08
0.965 1.144841e-08
0.99 1.183861e-08
1.02 1.212946e-08
1.045 1.247153e-08
1.07 1.279816e-08
1.095 1.300741e-08
1.12 1.330137e-08
1.15 1.373252e-08
1.175 1.391813e-08
1.175 1.394369e-08
1.15 1.361597e-08
1.12 1.318338e-08
1.095 1.296115e-08
1.07 1.266191e-08
1.045 1.231289e-08
1.02 1.207053e-08
0.99 1.170424e-08
0.965 1.138828e-08
0.94 1.113202e-08
0.915 1.080472e-08
0.89 1.051353e-08
0.86 1.01926e-08
0.835 9.838783e-09
0.81 9.544548e-09
0.785 9.284985e-09
0.76 8.955943e-09
0.73 8.590828e-09
0.705 8.334657e-09
0.68 8.018039e-09
0.655 7.654017e-09
0.63 7.425138e-09
0.6 7.06086e-09
0.575 6.751738e-09
0.55 6.435339e-09
0.525 6.115874e-09
0.5 5.840759e-09
0.47 5.517292e-09
0.445 5.203842e-09
0.42 4.904787e-09
0.395 4.651295e-09
0.37 4.325982e-09
0.34 4.003608e-09
0.315 3.73745e-09
0.29 3.411545e-09
0.265 3.093559e-09
0.24 2.844778e-09
0.21 2.434125e-09
0.185 2.116929e-09
0.16 1.865716e-09
0.135 1.64686e-09
0.11 1.262378e-09
0.08 9.460238e-10
0.055 6.311845e-10
0.03 3.280868e-10
0.005 3.218303e-11
-0.02 -3.939163e-10
-0.05 -6.782803e-10
-0.075 -1.024972e-09
-0.1 -1.272681e-09
