Wed May  6 20:10:00 2026
-0.1 -3.21821e-08
-0.075 -2.444157e-08
-0.05 -1.566537e-08
-0.02 -6.962763e-09
0.005 4.908663e-09
0.03 1.233536e-08
0.055 2.012185e-08
0.08 2.864889e-08
0.11 3.752976e-08
0.135 4.618052e-08
0.16 5.37282e-08
0.185 6.123675e-08
0.21 6.878329e-08
0.24 7.863483e-08
0.265 8.621495e-08
0.29 9.485523e-08
0.315 1.024701e-07
0.34 1.100316e-07
0.37 1.195244e-07
0.395 1.272953e-07
0.42 1.34825e-07
0.445 1.434237e-07
0.47 1.509674e-07
0.5 1.596314e-07
0.525 1.683308e-07
0.55 1.758683e-07
0.575 1.834227e-07
0.6 1.920947e-07
0.63 2.007876e-07
0.655 2.083762e-07
0.68 2.169931e-07
0.705 2.246442e-07
0.73 2.321139e-07
0.76 2.419638e-07
0.785 2.494787e-07
0.81 2.570157e-07
0.835 2.656111e-07
0.86 2.732002e-07
0.89 2.830253e-07
0.915 2.904806e-07
0.94 2.979851e-07
0.965 3.055611e-07
0.99 3.142228e-07
1.02 3.22914e-07
1.045 3.31592e-07
1.07 3.391604e-07
1.095 3.467476e-07
1.12 3.543735e-07
1.15 3.639466e-07
1.175 3.716557e-07
1.175 3.714608e-07
1.15 3.636686e-07
1.12 3.537116e-07
1.095 3.460906e-07
1.07 3.383631e-07
1.045 3.30661e-07
1.02 3.218911e-07
0.99 3.131233e-07
0.965 3.042599e-07
0.94 2.967396e-07
0.915 2.89087e-07
0.89 2.814196e-07
0.86 2.716316e-07
0.835 2.639897e-07
0.81 2.553214e-07
0.785 2.477475e-07
0.76 2.402505e-07
0.73 2.303958e-07
0.705 2.228077e-07
0.68 2.152461e-07
0.655 2.065368e-07
0.63 1.989325e-07
0.6 1.9032e-07
0.575 1.815489e-07
0.55 1.740802e-07
0.525 1.664876e-07
0.5 1.578164e-07
0.47 1.490947e-07
0.445 1.416094e-07
0.42 1.330637e-07
0.395 1.254747e-07
0.37 1.179559e-07
0.34 1.082613e-07
0.315 1.007831e-07
0.29 9.326249e-08
0.265 8.462203e-08
0.24 7.704369e-08
0.21 6.743632e-08
0.185 5.990923e-08
0.16 5.237333e-08
0.135 4.486078e-08
0.11 3.620649e-08
0.08 2.75832e-08
0.055 1.903338e-08
0.03 1.151634e-08
0.005 4.06177e-09
-0.02 -7.863582e-09
-0.05 -1.643804e-08
-0.075 -2.502901e-08
-0.1 -3.252137e-08
