Thu May  7 07:50:52 2026
-0.1 -1.798914e-09
-0.075 -1.339179e-09
-0.05 -8.249492e-10
-0.02 -3.467829e-10
0.005 3.023772e-10
0.03 7.322212e-10
0.055 1.169305e-09
0.08 1.642826e-09
0.11 2.098719e-09
0.135 2.606245e-09
0.16 3.057674e-09
0.185 3.450445e-09
0.21 3.880628e-09
0.24 4.439529e-09
0.265 4.825945e-09
0.29 5.278728e-09
0.315 5.741479e-09
0.34 6.18849e-09
0.37 6.683475e-09
0.395 7.096482e-09
0.42 7.535878e-09
0.445 8.005585e-09
0.47 8.417456e-09
0.5 8.911642e-09
0.525 9.406877e-09
0.55 9.801461e-09
0.575 1.02438e-08
0.6 1.07005e-08
0.63 1.119438e-08
0.655 1.16286e-08
0.68 1.208226e-08
0.705 1.253004e-08
0.73 1.295547e-08
0.76 1.346172e-08
0.785 1.38996e-08
0.81 1.433302e-08
0.835 1.477694e-08
0.86 1.519529e-08
0.89 1.575861e-08
0.915 1.615125e-08
0.94 1.658998e-08
0.965 1.702361e-08
0.99 1.747923e-08
1.02 1.796901e-08
1.045 1.847623e-08
1.07 1.886265e-08
1.095 1.928064e-08
1.12 1.972784e-08
1.15 2.025308e-08
1.175 2.066311e-08
1.175 2.066444e-08
1.15 2.017928e-08
1.12 1.962609e-08
1.095 1.922565e-08
1.07 1.877057e-08
1.045 1.836131e-08
1.02 1.786948e-08
0.99 1.734567e-08
0.965 1.686878e-08
0.94 1.645891e-08
0.915 1.601494e-08
0.89 1.557182e-08
0.86 1.503934e-08
0.835 1.459832e-08
0.81 1.411329e-08
0.785 1.370721e-08
0.76 1.328149e-08
0.73 1.271683e-08
0.705 1.233116e-08
0.68 1.186951e-08
0.655 1.140255e-08
0.63 1.098124e-08
0.6 1.047794e-08
0.575 1.001362e-08
0.55 9.583954e-09
0.525 9.139669e-09
0.5 8.669226e-09
0.47 8.190442e-09
0.445 7.764963e-09
0.42 7.28581e-09
0.395 6.881467e-09
0.37 6.445855e-09
0.34 5.909839e-09
0.315 5.484206e-09
0.29 5.062228e-09
0.265 4.579026e-09
0.24 4.173799e-09
0.21 3.631855e-09
0.185 3.197966e-09
0.16 2.79413e-09
0.135 2.380653e-09
0.11 1.898504e-09
0.08 1.394094e-09
0.055 9.383705e-10
0.03 5.352471e-10
0.005 9.159985e-11
-0.02 -5.54092e-10
-0.05 -1.015508e-09
-0.075 -1.50045e-09
-0.1 -1.937329e-09
