Thu May  7 00:40:12 2026
-0.1 -1.948463e-08
-0.075 -1.469396e-08
-0.05 -9.279528e-09
-0.02 -3.833196e-09
0.005 3.513648e-09
0.03 8.176332e-09
0.055 1.285119e-08
0.08 1.828375e-08
0.11 2.37271e-08
0.135 2.908789e-08
0.16 3.377332e-08
0.185 3.850645e-08
0.21 4.319802e-08
0.24 4.931754e-08
0.265 5.395996e-08
0.29 5.927219e-08
0.315 6.400753e-08
0.34 6.873663e-08
0.37 7.478556e-08
0.395 7.946461e-08
0.42 8.415811e-08
0.445 8.96069e-08
0.47 9.428273e-08
0.5 9.968565e-08
0.525 1.050281e-07
0.55 1.097397e-07
0.575 1.143351e-07
0.6 1.198043e-07
0.63 1.252079e-07
0.655 1.29895e-07
0.68 1.352825e-07
0.705 1.399986e-07
0.73 1.446609e-07
0.76 1.507282e-07
0.785 1.554725e-07
0.81 1.600682e-07
0.835 1.654696e-07
0.86 1.701963e-07
0.89 1.762257e-07
0.915 1.808839e-07
0.94 1.856292e-07
0.965 1.903464e-07
0.99 1.956536e-07
1.02 2.010186e-07
1.045 2.064734e-07
1.07 2.111764e-07
1.095 2.158878e-07
1.12 2.206214e-07
1.15 2.266599e-07
1.175 2.313993e-07
1.175 2.312923e-07
1.15 2.264702e-07
1.12 2.20349e-07
1.095 2.155761e-07
1.07 2.108242e-07
1.045 2.061619e-07
1.02 2.006582e-07
0.99 1.951759e-07
0.965 1.897741e-07
0.94 1.851236e-07
0.915 1.803111e-07
0.89 1.755536e-07
0.86 1.69488e-07
0.835 1.647572e-07
0.81 1.593604e-07
0.785 1.546524e-07
0.76 1.499645e-07
0.73 1.439087e-07
0.705 1.391299e-07
0.68 1.344405e-07
0.655 1.290054e-07
0.63 1.242456e-07
0.6 1.189262e-07
0.575 1.134861e-07
0.55 1.088437e-07
0.525 1.040867e-07
0.5 9.869635e-08
0.47 9.332314e-08
0.445 8.866022e-08
0.42 8.323649e-08
0.395 7.853541e-08
0.37 7.38795e-08
0.34 6.783207e-08
0.315 6.310554e-08
0.29 5.841842e-08
0.265 5.308914e-08
0.24 4.833212e-08
0.21 4.227913e-08
0.185 3.763771e-08
0.16 3.294382e-08
0.135 2.824617e-08
0.11 2.289547e-08
0.08 1.755749e-08
0.055 1.216888e-08
0.03 7.476539e-09
0.005 2.822529e-09
-0.02 -4.432144e-09
-0.05 -9.764718e-09
-0.075 -1.509632e-08
-0.1 -1.977235e-08
