Wed May  6 20:13:17 2026
-0.1 -2.181536e-08
-0.075 -1.680057e-08
-0.05 -1.114301e-08
-0.02 -5.529528e-09
0.005 2.126611e-09
0.03 6.94292e-09
0.055 1.186249e-08
0.08 1.743207e-08
0.11 2.295272e-08
0.135 2.850896e-08
0.16 3.3372e-08
0.185 3.822109e-08
0.21 4.30698e-08
0.24 4.930234e-08
0.265 5.417612e-08
0.29 5.968612e-08
0.315 6.45183e-08
0.34 6.933873e-08
0.37 7.555065e-08
0.395 8.036469e-08
0.42 8.523025e-08
0.445 9.075352e-08
0.47 9.555157e-08
0.5 1.010626e-07
0.525 1.066164e-07
0.55 1.113985e-07
0.575 1.162431e-07
0.6 1.218602e-07
0.63 1.273485e-07
0.655 1.321404e-07
0.68 1.376691e-07
0.705 1.424705e-07
0.73 1.472789e-07
0.76 1.535393e-07
0.785 1.582886e-07
0.81 1.631287e-07
0.835 1.686376e-07
0.86 1.733935e-07
0.89 1.796176e-07
0.915 1.843831e-07
0.94 1.891866e-07
0.965 1.939803e-07
0.99 1.994972e-07
1.02 2.050139e-07
1.045 2.105772e-07
1.07 2.153548e-07
1.095 2.201804e-07
1.12 2.249924e-07
1.15 2.312946e-07
1.175 2.360794e-07
1.175 2.359735e-07
1.15 2.309288e-07
1.12 2.245269e-07
1.095 2.196625e-07
1.07 2.147334e-07
1.045 2.097878e-07
1.02 2.041068e-07
0.99 1.985716e-07
0.965 1.929518e-07
0.94 1.881835e-07
0.915 1.832037e-07
0.89 1.782865e-07
0.86 1.720453e-07
0.835 1.671493e-07
0.81 1.616488e-07
0.785 1.567933e-07
0.76 1.519186e-07
0.73 1.456853e-07
0.705 1.408812e-07
0.68 1.359714e-07
0.655 1.304602e-07
0.63 1.256403e-07
0.6 1.200829e-07
0.575 1.145991e-07
0.55 1.097773e-07
0.525 1.049332e-07
0.5 9.940582e-08
0.47 9.388051e-08
0.445 8.90739e-08
0.42 8.356035e-08
0.395 7.876538e-08
0.37 7.390702e-08
0.34 6.773286e-08
0.315 6.301852e-08
0.29 5.814512e-08
0.265 5.261541e-08
0.24 4.78093e-08
0.21 4.161452e-08
0.185 3.677406e-08
0.16 3.202203e-08
0.135 2.717882e-08
0.11 2.168101e-08
0.08 1.622764e-08
0.055 1.072145e-08
0.03 5.947357e-09
0.005 1.141148e-09
-0.02 -6.455755e-09
-0.05 -1.192712e-08
-0.075 -1.738661e-08
-0.1 -2.22097e-08
