Wed May  6 18:50:17 2026
-0.1 -1.612847e-07
-0.075 -1.218772e-07
-0.05 -7.735487e-08
-0.02 -3.316274e-08
0.005 2.815474e-08
0.03 6.672726e-08
0.055 1.051719e-07
0.08 1.494496e-07
0.11 1.93897e-07
0.135 2.382645e-07
0.16 2.765047e-07
0.185 3.155443e-07
0.21 3.543159e-07
0.24 4.039632e-07
0.265 4.425514e-07
0.29 4.869124e-07
0.315 5.25471e-07
0.34 5.6433e-07
0.37 6.136591e-07
0.395 6.520896e-07
0.42 6.907337e-07
0.445 7.349031e-07
0.47 7.731416e-07
0.5 8.174925e-07
0.525 8.616784e-07
0.55 9.0027e-07
0.575 9.387543e-07
0.6 9.834288e-07
0.63 1.023868e-06
0.655 1.062425e-06
0.68 1.10688e-06
0.705 1.144866e-06
0.73 1.183331e-06
0.76 1.232239e-06
0.785 1.270326e-06
0.81 1.308943e-06
0.835 1.35282e-06
0.86 1.390687e-06
0.89 1.440121e-06
0.915 1.478531e-06
0.94 1.516957e-06
0.965 1.555823e-06
0.99 1.599775e-06
1.02 1.644193e-06
1.045 1.688706e-06
1.07 1.726495e-06
1.095 1.765991e-06
1.12 1.804008e-06
1.15 1.852906e-06
1.175 1.891583e-06
1.175 1.891272e-06
1.15 1.852701e-06
1.12 1.80155e-06
1.095 1.763474e-06
1.07 1.72453e-06
1.045 1.685288e-06
1.02 1.640277e-06
0.99 1.596013e-06
0.965 1.552038e-06
0.94 1.513448e-06
0.915 1.475547e-06
0.89 1.437139e-06
0.86 1.387544e-06
0.835 1.349358e-06
0.81 1.305734e-06
0.785 1.267082e-06
0.76 1.228989e-06
0.73 1.178204e-06
0.705 1.140502e-06
0.68 1.10174e-06
0.655 1.057923e-06
0.63 1.019548e-06
0.6 9.789297e-07
0.575 9.342556e-07
0.55 8.955886e-07
0.525 8.566313e-07
0.5 8.124476e-07
0.47 7.680733e-07
0.445 7.295411e-07
0.42 6.854985e-07
0.395 6.470364e-07
0.37 6.083711e-07
0.34 5.589692e-07
0.315 5.207226e-07
0.29 4.822669e-07
0.265 4.379761e-07
0.24 3.993026e-07
0.21 3.500904e-07
0.185 3.115888e-07
0.16 2.727805e-07
0.135 2.344685e-07
0.11 1.905568e-07
0.08 1.463912e-07
0.055 1.024137e-07
0.03 6.380504e-08
0.005 2.551819e-08
-0.02 -3.546278e-08
-0.05 -7.96979e-08
-0.075 -1.238261e-07
-0.1 -1.624415e-07
