Thu May  7 04:32:43 2026
-0.1 -8.194474e-09
-0.075 -6.138294e-09
-0.05 -3.80311e-09
-0.02 -1.50773e-09
0.005 1.601334e-09
0.03 3.606979e-09
0.055 5.620329e-09
0.08 7.924493e-09
0.11 1.02231e-08
0.135 1.251357e-08
0.16 1.450035e-08
0.185 1.64905e-08
0.21 1.849348e-08
0.24 2.107937e-08
0.265 2.306727e-08
0.29 2.536422e-08
0.315 2.737376e-08
0.34 2.937564e-08
0.37 3.191188e-08
0.395 3.39251e-08
0.42 3.590134e-08
0.445 3.820123e-08
0.47 4.019869e-08
0.5 4.24927e-08
0.525 4.475208e-08
0.55 4.674409e-08
0.575 4.873425e-08
0.6 5.102391e-08
0.63 5.331931e-08
0.655 5.529665e-08
0.68 5.758549e-08
0.705 5.959257e-08
0.73 6.158632e-08
0.76 6.413423e-08
0.785 6.61222e-08
0.81 6.809589e-08
0.835 7.040326e-08
0.86 7.237492e-08
0.89 7.494753e-08
0.915 7.693007e-08
0.94 7.891619e-08
0.965 8.089417e-08
0.99 8.318387e-08
1.02 8.544434e-08
1.045 8.774237e-08
1.07 8.975447e-08
1.095 9.17267e-08
1.12 9.370132e-08
1.15 9.631756e-08
1.175 9.830184e-08
1.175 9.832748e-08
1.15 9.621425e-08
1.12 9.360282e-08
1.095 9.158829e-08
1.07 8.950752e-08
1.045 8.750945e-08
1.02 8.513587e-08
0.99 8.287622e-08
0.965 8.057349e-08
0.94 7.854223e-08
0.915 7.658647e-08
0.89 7.455318e-08
0.86 7.193913e-08
0.835 6.995661e-08
0.81 6.766091e-08
0.785 6.563938e-08
0.76 6.362389e-08
0.73 6.106796e-08
0.705 5.902922e-08
0.68 5.706081e-08
0.655 5.476637e-08
0.63 5.276023e-08
0.6 5.044946e-08
0.575 4.815551e-08
0.55 4.616135e-08
0.525 4.421862e-08
0.5 4.189297e-08
0.47 3.960293e-08
0.445 3.765685e-08
0.42 3.535072e-08
0.395 3.332006e-08
0.37 3.136328e-08
0.34 2.878041e-08
0.315 2.6766e-08
0.29 2.48111e-08
0.265 2.250035e-08
0.24 2.05068e-08
0.21 1.79651e-08
0.185 1.596014e-08
0.16 1.395504e-08
0.135 1.197649e-08
0.11 9.692313e-09
0.08 7.43427e-09
0.055 5.144834e-09
0.03 3.176888e-09
0.005 1.178941e-09
-0.02 -1.909723e-09
-0.05 -4.17649e-09
-0.075 -6.435552e-09
-0.1 -8.442224e-09
