Thu May  7 06:31:10 2026
-0.1 -2.139585e-09
-0.075 -1.52212e-09
-0.05 -9.530524e-10
-0.02 -3.376921e-10
0.005 4.624899e-10
0.03 1.002919e-09
0.055 1.480312e-09
0.08 1.994862e-09
0.11 2.645248e-09
0.135 3.285281e-09
0.16 3.721225e-09
0.185 4.171894e-09
0.21 4.750702e-09
0.24 5.459913e-09
0.265 5.910669e-09
0.29 6.484677e-09
0.315 7.025529e-09
0.34 7.50561e-09
0.37 8.114538e-09
0.395 8.705381e-09
0.42 9.218033e-09
0.445 9.76525e-09
0.47 1.024715e-08
0.5 1.086205e-08
0.525 1.150191e-08
0.55 1.195639e-08
0.575 1.252849e-08
0.6 1.305229e-08
0.63 1.365186e-08
0.655 1.423385e-08
0.68 1.473849e-08
0.705 1.52314e-08
0.73 1.577903e-08
0.76 1.639604e-08
0.785 1.689149e-08
0.81 1.746115e-08
0.835 1.812279e-08
0.86 1.854624e-08
0.89 1.921105e-08
0.915 1.977108e-08
0.94 2.021907e-08
0.965 2.067142e-08
0.99 2.13495e-08
1.02 2.193809e-08
1.045 2.24763e-08
1.07 2.306077e-08
1.095 2.363845e-08
1.12 2.403915e-08
1.15 2.475613e-08
1.175 2.532542e-08
1.175 2.52294e-08
1.15 2.467976e-08
1.12 2.403409e-08
1.095 2.342525e-08
1.07 2.283219e-08
1.045 2.240259e-08
1.02 2.177249e-08
0.99 2.107846e-08
0.965 2.057941e-08
0.94 2.014793e-08
0.915 1.954201e-08
0.89 1.894632e-08
0.86 1.832535e-08
0.835 1.783988e-08
0.81 1.715398e-08
0.785 1.670823e-08
0.76 1.627791e-08
0.73 1.549609e-08
0.705 1.500126e-08
0.68 1.451152e-08
0.655 1.38788e-08
0.63 1.330932e-08
0.6 1.278106e-08
0.575 1.211006e-08
0.55 1.167592e-08
0.525 1.116075e-08
0.5 1.050308e-08
0.47 9.985544e-09
0.445 9.539502e-09
0.42 8.878946e-09
0.395 8.34343e-09
0.37 7.881567e-09
0.34 7.215728e-09
0.315 6.690285e-09
0.29 6.171992e-09
0.265 5.613846e-09
0.24 5.108635e-09
0.21 4.408933e-09
0.185 3.953378e-09
0.16 3.440719e-09
0.135 2.915903e-09
0.11 2.321483e-09
0.08 1.765444e-09
0.055 1.196232e-09
0.03 7.301162e-10
0.005 1.726871e-10
-0.02 -6.675095e-10
-0.05 -1.178712e-09
-0.075 -1.698877e-09
-0.1 -2.253804e-09
