Thu May  7 11:02:28 2026
-0.1 -9.854969e-10
-0.075 -6.854767e-10
-0.05 -4.275418e-10
-0.02 -8.876173e-11
0.005 3.745843e-10
0.03 5.891069e-10
0.055 8.132632e-10
0.08 1.158233e-09
0.11 1.455314e-09
0.135 1.705858e-09
0.16 2.025156e-09
0.185 2.320513e-09
0.21 2.540592e-09
0.24 2.899529e-09
0.265 3.18348e-09
0.29 3.441509e-09
0.315 3.658811e-09
0.34 3.979789e-09
0.37 4.314327e-09
0.395 4.503136e-09
0.42 4.834435e-09
0.445 5.190216e-09
0.47 5.388028e-09
0.5 5.735103e-09
0.525 6.057056e-09
0.55 6.251252e-09
0.575 6.575763e-09
0.6 6.814328e-09
0.63 7.151463e-09
0.655 7.438608e-09
0.68 7.698026e-09
0.705 8.009e-09
0.73 8.281558e-09
0.76 8.592428e-09
0.785 8.861988e-09
0.81 9.129029e-09
0.835 9.395739e-09
0.86 9.644471e-09
0.89 1.0023e-08
0.915 1.027462e-08
0.94 1.050179e-08
0.965 1.080847e-08
0.99 1.112646e-08
1.02 1.14017e-08
1.045 1.175098e-08
1.07 1.199301e-08
1.095 1.223256e-08
1.12 1.256763e-08
1.15 1.28624e-08
1.175 1.315099e-08
1.175 1.315575e-08
1.15 1.27973e-08
1.12 1.249334e-08
1.095 1.220041e-08
1.07 1.187976e-08
1.045 1.167576e-08
1.02 1.133329e-08
0.99 1.101847e-08
0.965 1.075534e-08
0.94 1.045116e-08
0.915 1.018733e-08
0.89 9.942475e-09
0.86 9.563326e-09
0.835 9.324183e-09
0.81 9.013774e-09
0.785 8.718542e-09
0.76 8.425711e-09
0.73 8.112723e-09
0.705 7.834021e-09
0.68 7.544941e-09
0.655 7.26209e-09
0.63 6.992851e-09
0.6 6.658703e-09
0.575 6.371848e-09
0.55 6.076155e-09
0.525 5.845378e-09
0.5 5.531477e-09
0.47 5.213825e-09
0.445 4.989786e-09
0.42 4.702508e-09
0.395 4.403705e-09
0.37 4.135785e-09
0.34 3.834202e-09
0.315 3.517128e-09
0.29 3.221808e-09
0.265 2.976024e-09
0.24 2.715135e-09
0.21 2.328131e-09
0.185 2.108767e-09
0.16 1.877582e-09
0.135 1.571747e-09
0.11 1.286113e-09
0.08 1.008555e-09
0.055 6.69899e-10
0.03 3.920896e-10
0.005 1.582114e-10
-0.02 -2.02558e-10
-0.05 -5.195794e-10
-0.075 -8.72499e-10
-0.1 -1.093402e-09
