Thu May  7 01:57:42 2026
-0.1 -1.468764e-08
-0.075 -1.106942e-08
-0.05 -6.989701e-09
-0.02 -2.907879e-09
0.005 2.590204e-09
0.03 6.103521e-09
0.055 9.662966e-09
0.08 1.37183e-08
0.11 1.780175e-08
0.135 2.18153e-08
0.16 2.536679e-08
0.185 2.88929e-08
0.21 3.237818e-08
0.24 3.691933e-08
0.265 4.046332e-08
0.29 4.453885e-08
0.315 4.802769e-08
0.34 5.156256e-08
0.37 5.61002e-08
0.395 5.96261e-08
0.42 6.314622e-08
0.445 6.720177e-08
0.47 7.06758e-08
0.5 7.470566e-08
0.525 7.876031e-08
0.55 8.22938e-08
0.575 8.576355e-08
0.6 8.983073e-08
0.63 9.382599e-08
0.655 9.734691e-08
0.68 1.013951e-07
0.705 1.048801e-07
0.73 1.084046e-07
0.76 1.129217e-07
0.785 1.163862e-07
0.81 1.199387e-07
0.835 1.239494e-07
0.86 1.274499e-07
0.89 1.319951e-07
0.915 1.35525e-07
0.94 1.390207e-07
0.965 1.424733e-07
0.99 1.465523e-07
1.02 1.505613e-07
1.045 1.546297e-07
1.07 1.581476e-07
1.095 1.61654e-07
1.12 1.651897e-07
1.15 1.697311e-07
1.175 1.73211e-07
1.175 1.73167e-07
1.15 1.696081e-07
1.12 1.65028e-07
1.095 1.614489e-07
1.07 1.57837e-07
1.045 1.54257e-07
1.02 1.501662e-07
0.99 1.46119e-07
0.965 1.420061e-07
0.94 1.384707e-07
0.915 1.349332e-07
0.89 1.314051e-07
0.86 1.268229e-07
0.835 1.233058e-07
0.81 1.192603e-07
0.785 1.157224e-07
0.76 1.122036e-07
0.73 1.076383e-07
0.705 1.040861e-07
0.68 1.00531e-07
0.655 9.653726e-08
0.63 9.300873e-08
0.6 8.894609e-08
0.575 8.490859e-08
0.55 8.138541e-08
0.525 7.782759e-08
0.5 7.378726e-08
0.47 6.977503e-08
0.445 6.624417e-08
0.42 6.220615e-08
0.395 5.87126e-08
0.37 5.516245e-08
0.34 5.06332e-08
0.315 4.715805e-08
0.29 4.36096e-08
0.265 3.957776e-08
0.24 3.610124e-08
0.21 3.159182e-08
0.185 2.804446e-08
0.16 2.457127e-08
0.135 2.106745e-08
0.11 1.702912e-08
0.08 1.302781e-08
0.055 9.04783e-09
0.03 5.528167e-09
0.005 2.007529e-09
-0.02 -3.417861e-09
-0.05 -7.406426e-09
-0.075 -1.141234e-08
-0.1 -1.48998e-08
