Wed May  6 19:29:03 2026
-0.1 -1.337262e-07
-0.075 -1.008512e-07
-0.05 -6.378541e-08
-0.02 -2.682225e-08
0.005 2.404304e-08
0.03 5.600564e-08
0.055 8.838091e-08
0.08 1.253227e-07
0.11 1.620622e-07
0.135 1.987804e-07
0.16 2.311295e-07
0.185 2.632084e-07
0.21 2.955747e-07
0.24 3.371258e-07
0.265 3.694255e-07
0.29 4.062698e-07
0.315 4.385476e-07
0.34 4.708401e-07
0.37 5.119711e-07
0.395 5.442681e-07
0.42 5.764473e-07
0.445 6.131564e-07
0.47 6.45432e-07
0.5 6.823377e-07
0.525 7.191015e-07
0.55 7.514148e-07
0.575 7.832848e-07
0.6 8.204067e-07
0.63 8.576201e-07
0.655 8.898792e-07
0.68 9.266338e-07
0.705 9.588884e-07
0.73 9.88401e-07
0.76 1.030107e-06
0.785 1.062533e-06
0.81 1.09413e-06
0.835 1.131226e-06
0.86 1.163358e-06
0.89 1.204909e-06
0.915 1.237021e-06
0.94 1.269876e-06
0.965 1.302066e-06
0.99 1.338381e-06
1.02 1.375425e-06
1.045 1.412466e-06
1.07 1.444574e-06
1.095 1.476679e-06
1.12 1.509242e-06
1.15 1.550769e-06
1.175 1.582705e-06
1.175 1.581959e-06
1.15 1.549659e-06
1.12 1.508163e-06
1.095 1.475925e-06
1.07 1.443153e-06
1.045 1.410572e-06
1.02 1.372692e-06
0.99 1.336277e-06
0.965 1.299304e-06
0.94 1.266755e-06
0.915 1.2346e-06
0.89 1.202452e-06
0.86 1.160616e-06
0.835 1.128251e-06
0.81 1.091355e-06
0.785 1.058978e-06
0.76 1.026399e-06
0.73 9.883074e-07
0.705 9.554419e-07
0.68 9.23235e-07
0.655 8.863225e-07
0.63 8.538544e-07
0.6 8.170513e-07
0.575 7.800548e-07
0.55 7.475362e-07
0.525 7.154594e-07
0.5 6.78572e-07
0.47 6.41787e-07
0.445 6.096301e-07
0.42 5.726463e-07
0.395 5.403533e-07
0.37 5.08397e-07
0.34 4.669932e-07
0.315 4.348819e-07
0.29 4.026219e-07
0.265 3.65924e-07
0.24 3.340384e-07
0.21 2.924066e-07
0.185 2.599957e-07
0.16 2.280742e-07
0.135 1.955021e-07
0.11 1.589858e-07
0.08 1.224001e-07
0.055 8.56472e-08
0.03 5.343207e-08
0.005 2.121509e-08
-0.02 -2.977357e-08
-0.05 -6.631761e-08
-0.075 -1.03095e-07
-0.1 -1.35215e-07
