Thu May  7 10:59:11 2026
-0.1 -3.695526e-09
-0.075 -2.716096e-09
-0.05 -1.636292e-09
-0.02 -5.600224e-10
0.005 8.749094e-10
0.03 1.810336e-09
0.055 2.744293e-09
0.08 3.801538e-09
0.11 4.846421e-09
0.135 5.913719e-09
0.16 6.811952e-09
0.185 7.749022e-09
0.21 8.685002e-09
0.24 9.863014e-09
0.265 1.078492e-08
0.29 1.182517e-08
0.315 1.276838e-08
0.34 1.367361e-08
0.37 1.485932e-08
0.395 1.578401e-08
0.42 1.669076e-08
0.445 1.776525e-08
0.47 1.864693e-08
0.5 1.97093e-08
0.525 2.075643e-08
0.55 2.166435e-08
0.575 2.259827e-08
0.6 2.365116e-08
0.63 2.471367e-08
0.655 2.56326e-08
0.68 2.668675e-08
0.705 2.759369e-08
0.73 2.851425e-08
0.76 2.971728e-08
0.785 3.062898e-08
0.81 3.153684e-08
0.835 3.259366e-08
0.86 3.352688e-08
0.89 3.471565e-08
0.915 3.564445e-08
0.94 3.655566e-08
0.965 3.746593e-08
0.99 3.854934e-08
1.02 3.961084e-08
1.045 4.065675e-08
1.07 4.158656e-08
1.095 4.251e-08
1.12 4.344276e-08
1.15 4.461921e-08
1.175 4.554075e-08
1.175 4.552611e-08
1.15 4.455677e-08
1.12 4.334849e-08
1.095 4.237834e-08
1.07 4.144571e-08
1.045 4.050912e-08
1.02 3.940219e-08
0.99 3.833851e-08
0.965 3.724705e-08
0.94 3.631673e-08
0.915 3.539255e-08
0.89 3.45018e-08
0.86 3.325892e-08
0.835 3.234672e-08
0.81 3.131764e-08
0.785 3.034893e-08
0.76 2.944464e-08
0.73 2.825817e-08
0.705 2.730318e-08
0.68 2.636713e-08
0.655 2.532708e-08
0.63 2.436951e-08
0.6 2.331487e-08
0.575 2.225061e-08
0.55 2.134905e-08
0.525 2.044009e-08
0.5 1.936648e-08
0.47 1.828251e-08
0.445 1.737569e-08
0.42 1.63099e-08
0.395 1.538895e-08
0.37 1.447304e-08
0.34 1.328416e-08
0.315 1.236389e-08
0.29 1.145203e-08
0.265 1.040689e-08
0.24 9.463653e-09
0.21 8.266517e-09
0.185 7.354359e-09
0.16 6.43307e-09
0.135 5.497516e-09
0.11 4.469307e-09
0.08 3.393453e-09
0.055 2.337091e-09
0.03 1.422449e-09
0.005 5.094074e-10
-0.02 -9.313353e-10
-0.05 -1.987485e-09
-0.075 -3.031098e-09
-0.1 -3.953799e-09
