Wed May  6 19:31:15 2026
-0.1 -4.044433e-08
-0.075 -3.048252e-08
-0.05 -1.949571e-08
-0.02 -8.472596e-09
0.005 6.559463e-09
0.03 1.606303e-08
0.055 2.57376e-08
0.08 3.676175e-08
0.11 4.739693e-08
0.135 5.870454e-08
0.16 6.821946e-08
0.185 7.748762e-08
0.21 8.728343e-08
0.24 9.974347e-08
0.265 1.092821e-07
0.29 1.202345e-07
0.315 1.298563e-07
0.34 1.394713e-07
0.37 1.5173e-07
0.395 1.611502e-07
0.42 1.708462e-07
0.445 1.817147e-07
0.47 1.912455e-07
0.5 2.022392e-07
0.525 2.132608e-07
0.55 2.227133e-07
0.575 2.322717e-07
0.6 2.431889e-07
0.63 2.540984e-07
0.655 2.637902e-07
0.68 2.746338e-07
0.705 2.842425e-07
0.73 2.937976e-07
0.76 3.056005e-07
0.785 3.152041e-07
0.81 3.248816e-07
0.835 3.35845e-07
0.86 3.452249e-07
0.89 3.577054e-07
0.915 3.675031e-07
0.94 3.770932e-07
0.965 3.86595e-07
0.99 3.975433e-07
1.02 4.085322e-07
1.045 4.195924e-07
1.07 4.291725e-07
1.095 4.388155e-07
1.12 4.48151e-07
1.15 4.606213e-07
1.175 4.701193e-07
1.175 4.697943e-07
1.15 4.5981e-07
1.12 4.47489e-07
1.095 4.377324e-07
1.07 4.281192e-07
1.045 4.184429e-07
1.02 4.071752e-07
0.99 3.961169e-07
0.965 3.846891e-07
0.94 3.753748e-07
0.915 3.656154e-07
0.89 3.562184e-07
0.86 3.437388e-07
0.835 3.338451e-07
0.81 3.229633e-07
0.785 3.132713e-07
0.76 3.039568e-07
0.73 2.91483e-07
0.705 2.820131e-07
0.68 2.724474e-07
0.655 2.613775e-07
0.63 2.514192e-07
0.6 2.407802e-07
0.575 2.298352e-07
0.55 2.203297e-07
0.525 2.107559e-07
0.5 1.997136e-07
0.47 1.888598e-07
0.445 1.7937e-07
0.42 1.684934e-07
0.395 1.58932e-07
0.37 1.495095e-07
0.34 1.371776e-07
0.315 1.276489e-07
0.29 1.180961e-07
0.265 1.072665e-07
0.24 9.783139e-08
0.21 8.525583e-08
0.185 7.598221e-08
0.16 6.656178e-08
0.135 5.690303e-08
0.11 4.603882e-08
0.08 3.533427e-08
0.055 2.447266e-08
0.03 1.494308e-08
0.005 5.304239e-09
-0.02 -9.55955e-09
-0.05 -2.037118e-08
-0.075 -3.141592e-08
-0.1 -4.083571e-08
