Wed May  6 20:52:02 2026
-0.1 -1.548863e-08
-0.075 -1.189134e-08
-0.05 -7.900062e-09
-0.02 -3.81034e-09
0.005 1.688987e-09
0.03 5.133457e-09
0.055 8.639281e-09
0.08 1.26243e-08
0.11 1.660554e-08
0.135 2.057896e-08
0.16 2.400901e-08
0.185 2.752781e-08
0.21 3.103758e-08
0.24 3.54737e-08
0.265 3.897418e-08
0.29 4.295604e-08
0.315 4.638706e-08
0.34 4.981512e-08
0.37 5.431258e-08
0.395 5.777594e-08
0.42 6.121075e-08
0.445 6.520759e-08
0.47 6.872196e-08
0.5 7.263778e-08
0.525 7.662223e-08
0.55 8.005738e-08
0.575 8.347408e-08
0.6 8.745284e-08
0.63 9.145322e-08
0.655 9.488154e-08
0.68 9.889555e-08
0.705 1.023492e-07
0.73 1.057801e-07
0.76 1.102576e-07
0.785 1.136932e-07
0.81 1.171327e-07
0.835 1.210274e-07
0.86 1.245154e-07
0.89 1.289366e-07
0.915 1.323458e-07
0.94 1.358428e-07
0.965 1.393185e-07
0.99 1.432379e-07
1.02 1.471353e-07
1.045 1.510669e-07
1.07 1.544836e-07
1.095 1.579167e-07
1.12 1.614715e-07
1.15 1.658628e-07
1.175 1.693279e-07
1.175 1.692733e-07
1.15 1.655905e-07
1.12 1.609917e-07
1.095 1.575266e-07
1.07 1.539849e-07
1.045 1.50405e-07
1.02 1.463876e-07
0.99 1.423912e-07
0.965 1.383687e-07
0.94 1.349069e-07
0.915 1.314175e-07
0.89 1.278814e-07
0.86 1.233957e-07
0.835 1.199116e-07
0.81 1.158872e-07
0.785 1.123807e-07
0.76 1.08987e-07
0.73 1.044434e-07
0.705 1.009648e-07
0.68 9.752733e-08
0.655 9.354442e-08
0.63 9.006912e-08
0.6 8.608202e-08
0.575 8.208296e-08
0.55 7.865754e-08
0.525 7.519716e-08
0.5 7.123646e-08
0.47 6.721453e-08
0.445 6.384229e-08
0.42 5.986905e-08
0.395 5.642384e-08
0.37 5.291391e-08
0.34 4.851034e-08
0.315 4.511332e-08
0.29 4.161823e-08
0.265 3.768814e-08
0.24 3.427148e-08
0.21 2.977155e-08
0.185 2.631392e-08
0.16 2.292609e-08
0.135 1.946846e-08
0.11 1.551467e-08
0.08 1.159988e-08
0.055 7.667866e-09
0.03 4.199757e-09
0.005 7.923511e-10
-0.02 -4.617017e-09
-0.05 -8.521365e-09
-0.075 -1.243998e-08
-0.1 -1.587443e-08
