Thu May  7 07:45:24 2026
-0.1 -6.82954e-09
-0.075 -5.014175e-09
-0.05 -3.044197e-09
-0.02 -1.103001e-09
0.005 1.543602e-09
0.03 3.235545e-09
0.055 4.920418e-09
0.08 6.825826e-09
0.11 8.798148e-09
0.135 1.074286e-08
0.16 1.23915e-08
0.185 1.407822e-08
0.21 1.578469e-08
0.24 1.797223e-08
0.265 1.960806e-08
0.29 2.15558e-08
0.315 2.322374e-08
0.34 2.488771e-08
0.37 2.708243e-08
0.395 2.87686e-08
0.42 3.04132e-08
0.445 3.234974e-08
0.47 3.403444e-08
0.5 3.595378e-08
0.525 3.783376e-08
0.55 3.956773e-08
0.575 4.121364e-08
0.6 4.317674e-08
0.63 4.506651e-08
0.655 4.671141e-08
0.68 4.867424e-08
0.705 5.033568e-08
0.73 5.198337e-08
0.76 5.419032e-08
0.785 5.587812e-08
0.81 5.752402e-08
0.835 5.948824e-08
0.86 6.117563e-08
0.89 6.329153e-08
0.915 6.499276e-08
0.94 6.667081e-08
0.965 6.832231e-08
0.99 7.023657e-08
1.02 7.218282e-08
1.045 7.417555e-08
1.07 7.581611e-08
1.095 7.750284e-08
1.12 7.919091e-08
1.15 8.135235e-08
1.175 8.304082e-08
1.175 8.297137e-08
1.15 8.121068e-08
1.12 7.896077e-08
1.095 7.728881e-08
1.07 7.558621e-08
1.045 7.382997e-08
1.02 7.184617e-08
0.99 6.99273e-08
0.965 6.795665e-08
0.94 6.623671e-08
0.915 6.453482e-08
0.89 6.284236e-08
0.86 6.062452e-08
0.835 5.896126e-08
0.81 5.700405e-08
0.785 5.530649e-08
0.76 5.362875e-08
0.73 5.140575e-08
0.705 4.972297e-08
0.68 4.802789e-08
0.655 4.609169e-08
0.63 4.43907e-08
0.6 4.245738e-08
0.575 4.052203e-08
0.55 3.886169e-08
0.525 3.717723e-08
0.5 3.522958e-08
0.47 3.328812e-08
0.445 3.159949e-08
0.42 2.968768e-08
0.395 2.801755e-08
0.37 2.630485e-08
0.34 2.417316e-08
0.315 2.249805e-08
0.29 2.080298e-08
0.265 1.891542e-08
0.24 1.720929e-08
0.21 1.504205e-08
0.185 1.333758e-08
0.16 1.170333e-08
0.135 1.001597e-08
0.11 8.07828e-09
0.08 6.19257e-09
0.055 4.291618e-09
0.03 2.592902e-09
0.005 8.960795e-10
-0.02 -1.66302e-09
-0.05 -3.54071e-09
-0.075 -5.488887e-09
-0.1 -7.114621e-09
