Wed May  6 22:04:05 2026
-0.1 -6.75382e-08
-0.075 -5.097446e-08
-0.05 -3.220611e-08
-0.02 -1.346392e-08
0.005 1.18626e-08
0.03 2.814881e-08
0.055 4.447836e-08
0.08 6.307587e-08
0.11 8.189557e-08
0.135 1.005602e-07
0.16 1.169488e-07
0.185 1.331257e-07
0.21 1.496894e-07
0.24 1.70723e-07
0.265 1.871162e-07
0.29 2.060075e-07
0.315 2.222137e-07
0.34 2.385749e-07
0.37 2.595617e-07
0.395 2.759326e-07
0.42 2.922724e-07
0.445 3.110765e-07
0.47 3.27477e-07
0.5 3.461805e-07
0.525 3.649837e-07
0.55 3.812349e-07
0.575 3.977213e-07
0.6 4.166033e-07
0.63 4.353076e-07
0.655 4.51813e-07
0.68 4.704674e-07
0.705 4.867815e-07
0.73 5.032641e-07
0.76 5.243649e-07
0.785 5.406699e-07
0.81 5.568665e-07
0.835 5.756214e-07
0.86 5.922349e-07
0.89 6.131861e-07
0.915 6.296731e-07
0.94 6.460032e-07
0.965 6.622971e-07
0.99 6.809682e-07
1.02 6.998465e-07
1.045 7.187254e-07
1.07 7.3517e-07
1.095 7.516033e-07
1.12 7.677888e-07
1.15 7.889806e-07
1.175 8.053819e-07
1.175 8.053974e-07
1.15 7.888336e-07
1.12 7.67649e-07
1.095 7.512846e-07
1.07 7.345184e-07
1.045 7.180131e-07
1.02 6.991364e-07
0.99 6.802856e-07
0.965 6.615095e-07
0.94 6.45104e-07
0.915 6.285177e-07
0.89 6.121091e-07
0.86 5.909257e-07
0.835 5.74562e-07
0.81 5.558427e-07
0.785 5.392981e-07
0.76 5.230581e-07
0.73 5.018152e-07
0.705 4.855654e-07
0.68 4.688727e-07
0.655 4.502541e-07
0.63 4.33785e-07
0.6 4.1507e-07
0.575 3.959668e-07
0.55 3.797066e-07
0.525 3.63408e-07
0.5 3.445349e-07
0.47 3.257628e-07
0.445 3.094893e-07
0.42 2.907617e-07
0.395 2.743643e-07
0.37 2.578358e-07
0.34 2.368207e-07
0.315 2.20538e-07
0.29 2.042856e-07
0.265 1.855032e-07
0.24 1.691477e-07
0.21 1.480574e-07
0.185 1.318058e-07
0.16 1.15401e-07
0.135 9.916339e-08
0.11 8.037351e-08
0.08 6.191502e-08
0.055 4.32817e-08
0.03 2.676331e-08
0.005 1.046137e-08
-0.02 -1.495572e-08
-0.05 -3.354794e-08
-0.075 -5.219038e-08
-0.1 -6.849528e-08
