Wed May  6 22:47:13 2026
-0.1 -8.871241e-09
-0.075 -6.653712e-09
-0.05 -4.156664e-09
-0.02 -1.687388e-09
0.005 1.636305e-09
0.03 3.72443e-09
0.055 5.881908e-09
0.08 8.346805e-09
0.11 1.074303e-08
0.135 1.316493e-08
0.16 1.529843e-08
0.185 1.740188e-08
0.21 1.949367e-08
0.24 2.224074e-08
0.265 2.432217e-08
0.29 2.672973e-08
0.315 2.887207e-08
0.34 3.095711e-08
0.37 3.363194e-08
0.395 3.577261e-08
0.42 3.787505e-08
0.445 4.026067e-08
0.47 4.243683e-08
0.5 4.485394e-08
0.525 4.721152e-08
0.55 4.938286e-08
0.575 5.14225e-08
0.6 5.393163e-08
0.63 5.628455e-08
0.655 5.836621e-08
0.68 6.084668e-08
0.705 6.289115e-08
0.73 6.501043e-08
0.76 6.778134e-08
0.785 6.981793e-08
0.81 7.190521e-08
0.835 7.433977e-08
0.86 7.639069e-08
0.89 7.915354e-08
0.915 8.124386e-08
0.94 8.330461e-08
0.965 8.536146e-08
0.99 8.781883e-08
1.02 9.020658e-08
1.045 9.264831e-08
1.07 9.475198e-08
1.095 9.686135e-08
1.12 9.893912e-08
1.15 1.01702e-07
1.175 1.037849e-07
1.175 1.036672e-07
1.15 1.014094e-07
1.12 9.857663e-08
1.095 9.644262e-08
1.07 9.423602e-08
1.045 9.201637e-08
1.02 8.951783e-08
0.99 8.704006e-08
0.965 8.459491e-08
0.94 8.242382e-08
0.915 8.030748e-08
0.89 7.816787e-08
0.86 7.537349e-08
0.835 7.327146e-08
0.81 7.083766e-08
0.785 6.863529e-08
0.76 6.651858e-08
0.73 6.372274e-08
0.705 6.156628e-08
0.68 5.949567e-08
0.655 5.699819e-08
0.63 5.493323e-08
0.6 5.245601e-08
0.575 5.002617e-08
0.55 4.788458e-08
0.525 4.578958e-08
0.5 4.333405e-08
0.47 4.094169e-08
0.445 3.885233e-08
0.42 3.640152e-08
0.395 3.428671e-08
0.37 3.216627e-08
0.34 2.945114e-08
0.315 2.734862e-08
0.29 2.523937e-08
0.265 2.280866e-08
0.24 2.069675e-08
0.21 1.793521e-08
0.185 1.589482e-08
0.16 1.378219e-08
0.135 1.167732e-08
0.11 9.242945e-09
0.08 6.847836e-09
0.055 4.449205e-09
0.03 2.345981e-09
0.005 2.704388e-10
-0.02 -3.040283e-09
-0.05 -5.445763e-09
-0.075 -7.839112e-09
-0.1 -9.928868e-09
