Thu May  7 02:04:16 2026
-0.1 -3.598702e-09
-0.075 -2.401272e-09
-0.05 -1.062894e-09
-0.02 2.344187e-10
0.005 1.985864e-09
0.03 3.154626e-09
0.055 4.318509e-09
0.08 5.610732e-09
0.11 6.921895e-09
0.135 8.242393e-09
0.16 9.404977e-09
0.185 1.053339e-08
0.21 1.167304e-08
0.24 1.319106e-08
0.265 1.43172e-08
0.29 1.564158e-08
0.315 1.683551e-08
0.34 1.794733e-08
0.37 1.942958e-08
0.395 2.058489e-08
0.42 2.170341e-08
0.445 2.300824e-08
0.47 2.418293e-08
0.5 2.54938e-08
0.525 2.680082e-08
0.55 2.79912e-08
0.575 2.913597e-08
0.6 3.044277e-08
0.63 3.175744e-08
0.655 3.291527e-08
0.68 3.421105e-08
0.705 3.536512e-08
0.73 3.653173e-08
0.76 3.801311e-08
0.785 3.914005e-08
0.81 4.029826e-08
0.835 4.163798e-08
0.86 4.277681e-08
0.89 4.427346e-08
0.915 4.541996e-08
0.94 4.658238e-08
0.965 4.77077e-08
0.99 4.908941e-08
1.02 5.043141e-08
1.045 5.176982e-08
1.07 5.286998e-08
1.095 5.403333e-08
1.12 5.521762e-08
1.15 5.668152e-08
1.175 5.788711e-08
1.175 5.780431e-08
1.15 5.659111e-08
1.12 5.510189e-08
1.095 5.392727e-08
1.07 5.278379e-08
1.045 5.157638e-08
1.02 5.024929e-08
0.99 4.889087e-08
0.965 4.757837e-08
0.94 4.636829e-08
0.915 4.522559e-08
0.89 4.405559e-08
0.86 4.252053e-08
0.835 4.137129e-08
0.81 4.006374e-08
0.785 3.88888e-08
0.76 3.771974e-08
0.73 3.626348e-08
0.705 3.509073e-08
0.68 3.392507e-08
0.655 3.261268e-08
0.63 3.143226e-08
0.6 3.011575e-08
0.575 2.880208e-08
0.55 2.764441e-08
0.525 2.649163e-08
0.5 2.518713e-08
0.47 2.387802e-08
0.445 2.270896e-08
0.42 2.138758e-08
0.395 2.023267e-08
0.37 1.908249e-08
0.34 1.761474e-08
0.315 1.648709e-08
0.29 1.530813e-08
0.265 1.401414e-08
0.24 1.288855e-08
0.21 1.141434e-08
0.185 1.025722e-08
0.16 9.102886e-09
0.135 7.954496e-09
0.11 6.652335e-09
0.08 5.345378e-09
0.055 4.0439e-09
0.03 2.885945e-09
0.005 1.769781e-09
-0.02 -1.738667e-11
-0.05 -1.275043e-09
-0.075 -2.61321e-09
-0.1 -3.727691e-09
