Thu May  7 07:11:01 2026
-0.1 -2.645107e-09
-0.075 -1.93253e-09
-0.05 -1.110617e-09
-0.02 -3.122309e-10
0.005 7.443828e-10
0.03 1.41955e-09
0.055 2.162636e-09
0.08 2.917248e-09
0.11 3.666312e-09
0.135 4.490695e-09
0.16 5.161995e-09
0.185 5.825077e-09
0.21 6.54574e-09
0.24 7.450285e-09
0.265 8.085187e-09
0.29 8.864237e-09
0.315 9.584429e-09
0.34 1.02246e-08
0.37 1.108645e-08
0.395 1.181391e-08
0.42 1.2464e-08
0.445 1.319391e-08
0.47 1.391247e-08
0.5 1.466998e-08
0.525 1.544494e-08
0.55 1.61644e-08
0.575 1.682094e-08
0.6 1.764961e-08
0.63 1.838965e-08
0.655 1.908966e-08
0.68 1.990996e-08
0.705 2.05408e-08
0.73 2.123875e-08
0.76 2.216585e-08
0.785 2.279708e-08
0.81 2.351605e-08
0.835 2.430938e-08
0.86 2.495869e-08
0.89 2.580599e-08
0.915 2.656077e-08
0.94 2.722266e-08
0.965 2.788578e-08
0.99 2.871369e-08
1.02 2.949336e-08
1.045 3.025729e-08
1.07 3.100649e-08
1.095 3.164597e-08
1.12 3.235089e-08
1.15 3.328572e-08
1.175 3.391705e-08
1.175 3.388612e-08
1.15 3.316371e-08
1.12 3.219827e-08
1.095 3.152135e-08
1.07 3.082248e-08
1.045 3.006591e-08
1.02 2.936499e-08
0.99 2.849622e-08
0.965 2.77226e-08
0.94 2.70826e-08
0.915 2.629773e-08
0.89 2.560177e-08
0.86 2.475347e-08
0.835 2.397574e-08
0.81 2.323166e-08
0.785 2.253744e-08
0.76 2.176571e-08
0.73 2.093967e-08
0.705 2.025906e-08
0.68 1.952431e-08
0.655 1.881529e-08
0.63 1.807718e-08
0.6 1.726366e-08
0.575 1.645222e-08
0.55 1.57896e-08
0.525 1.509436e-08
0.5 1.426152e-08
0.47 1.352046e-08
0.445 1.28016e-08
0.42 1.199052e-08
0.395 1.133567e-08
0.37 1.064545e-08
0.34 9.730199e-09
0.315 9.087958e-09
0.29 8.375877e-09
0.265 7.578412e-09
0.24 6.954463e-09
0.21 6.060611e-09
0.185 5.356655e-09
0.16 4.696797e-09
0.135 3.996717e-09
0.11 3.206764e-09
0.08 2.385071e-09
0.055 1.633948e-09
0.03 9.921468e-10
0.005 2.586139e-10
-0.02 -8.358057e-10
-0.05 -1.57178e-09
-0.075 -2.350389e-09
-0.1 -3.05981e-09
