Wed May  6 19:30:09 2026
-0.1 -7.382165e-08
-0.075 -5.586425e-08
-0.05 -3.56676e-08
-0.02 -1.529496e-08
0.005 1.270577e-08
0.03 3.028013e-08
0.055 4.78807e-08
0.08 6.834273e-08
0.11 8.830402e-08
0.135 1.08412e-07
0.16 1.262506e-07
0.185 1.438596e-07
0.21 1.615841e-07
0.24 1.843758e-07
0.265 2.018806e-07
0.29 2.220118e-07
0.315 2.393563e-07
0.34 2.572533e-07
0.37 2.797921e-07
0.395 2.974067e-07
0.42 3.150936e-07
0.445 3.351834e-07
0.47 3.527971e-07
0.5 3.730137e-07
0.525 3.930876e-07
0.55 4.107517e-07
0.575 4.282617e-07
0.6 4.485703e-07
0.63 4.686462e-07
0.655 4.862243e-07
0.68 5.062412e-07
0.705 5.23872e-07
0.73 5.412967e-07
0.76 5.639773e-07
0.785 5.816535e-07
0.81 5.99248e-07
0.835 6.193716e-07
0.86 6.369397e-07
0.89 6.596067e-07
0.915 6.770327e-07
0.94 6.946429e-07
0.965 7.121921e-07
0.99 7.321615e-07
1.02 7.524531e-07
1.045 7.726385e-07
1.07 7.901284e-07
1.095 8.078291e-07
1.12 8.252374e-07
1.15 8.479124e-07
1.175 8.655509e-07
1.175 8.652418e-07
1.15 8.473336e-07
1.12 8.24268e-07
1.095 8.066611e-07
1.07 7.887421e-07
1.045 7.709258e-07
1.02 7.505403e-07
0.99 7.302812e-07
0.965 7.101905e-07
0.94 6.921402e-07
0.915 6.749518e-07
0.89 6.571313e-07
0.86 6.344363e-07
0.835 6.166331e-07
0.81 5.965771e-07
0.785 5.788781e-07
0.76 5.613661e-07
0.73 5.385709e-07
0.705 5.209488e-07
0.68 5.033274e-07
0.655 4.832049e-07
0.63 4.656262e-07
0.6 4.454771e-07
0.575 4.254177e-07
0.55 4.079135e-07
0.525 3.902898e-07
0.5 3.70233e-07
0.47 3.50177e-07
0.445 3.325165e-07
0.42 3.124386e-07
0.395 2.944742e-07
0.37 2.772428e-07
0.34 2.545615e-07
0.315 2.371052e-07
0.29 2.197434e-07
0.265 1.995471e-07
0.24 1.82004e-07
0.21 1.594398e-07
0.185 1.420011e-07
0.16 1.243657e-07
0.135 1.06814e-07
0.11 8.675084e-08
0.08 6.665685e-08
0.055 4.656034e-08
0.03 2.90276e-08
0.005 1.156797e-08
-0.02 -1.6242e-08
-0.05 -3.63119e-08
-0.075 -5.635849e-08
-0.1 -7.383349e-08
