Wed May  6 18:51:23 2026
-0.1 -8.957655e-08
-0.075 -6.744716e-08
-0.05 -4.278711e-08
-0.02 -1.81704e-08
0.005 1.592733e-08
0.03 3.747579e-08
0.055 5.895671e-08
0.08 8.351706e-08
0.11 1.079059e-07
0.135 1.325709e-07
0.16 1.540333e-07
0.185 1.754508e-07
0.21 1.97078e-07
0.24 2.248431e-07
0.265 2.463028e-07
0.29 2.707696e-07
0.315 2.924769e-07
0.34 3.138714e-07
0.37 3.413549e-07
0.395 3.627527e-07
0.42 3.841824e-07
0.445 4.087659e-07
0.47 4.301264e-07
0.5 4.548202e-07
0.525 4.792232e-07
0.55 5.005843e-07
0.575 5.221749e-07
0.6 5.466287e-07
0.63 5.713669e-07
0.655 5.929102e-07
0.68 6.171193e-07
0.705 6.386452e-07
0.73 6.59913e-07
0.76 6.877941e-07
0.785 7.088992e-07
0.81 7.303233e-07
0.835 7.547523e-07
0.86 7.764545e-07
0.89 8.043513e-07
0.915 8.255673e-07
0.94 8.468405e-07
0.965 8.68429e-07
0.99 8.929966e-07
1.02 9.172954e-07
1.045 9.421062e-07
1.07 9.634655e-07
1.095 9.853759e-07
1.12 1.004757e-06
1.15 1.03219e-06
1.175 1.053763e-06
1.175 1.052671e-06
1.15 1.031079e-06
1.12 1.003045e-06
1.095 9.834272e-07
1.07 9.620539e-07
1.045 9.401093e-07
1.02 9.153376e-07
0.99 8.908455e-07
0.965 8.656587e-07
0.94 8.444583e-07
0.915 8.229699e-07
0.89 8.01255e-07
0.86 7.737427e-07
0.835 7.522218e-07
0.81 7.274917e-07
0.785 7.060929e-07
0.76 6.848776e-07
0.73 6.568534e-07
0.705 6.356594e-07
0.68 6.138071e-07
0.655 5.893422e-07
0.63 5.679943e-07
0.6 5.436127e-07
0.575 5.189598e-07
0.55 4.973935e-07
0.525 4.760846e-07
0.5 4.51405e-07
0.47 4.269096e-07
0.445 4.056032e-07
0.42 3.809636e-07
0.395 3.597457e-07
0.37 3.380613e-07
0.34 3.10691e-07
0.315 2.892988e-07
0.29 2.679962e-07
0.265 2.434012e-07
0.24 2.220705e-07
0.21 1.945558e-07
0.185 1.733097e-07
0.16 1.51905e-07
0.135 1.306032e-07
0.11 1.061599e-07
0.08 8.167093e-08
0.055 5.728999e-08
0.03 3.578024e-08
0.005 1.44365e-08
-0.02 -1.930703e-08
-0.05 -4.353598e-08
-0.075 -6.812629e-08
-0.1 -8.944232e-08
