Wed May  6 20:46:34 2026
-0.1 -9.437466e-08
-0.075 -7.109158e-08
-0.05 -4.492537e-08
-0.02 -1.881247e-08
0.005 1.695021e-08
0.03 3.966981e-08
0.055 6.255239e-08
0.08 8.865401e-08
0.11 1.147902e-07
0.135 1.408182e-07
0.16 1.637e-07
0.185 1.864218e-07
0.21 2.093273e-07
0.24 2.386736e-07
0.265 2.615354e-07
0.29 2.876808e-07
0.315 3.10425e-07
0.34 3.332493e-07
0.37 3.625367e-07
0.395 3.854596e-07
0.42 4.080268e-07
0.445 4.342578e-07
0.47 4.570164e-07
0.5 4.831531e-07
0.525 5.096132e-07
0.55 5.321116e-07
0.575 5.549018e-07
0.6 5.811285e-07
0.63 6.073885e-07
0.655 6.301689e-07
0.68 6.562494e-07
0.705 6.790026e-07
0.73 7.021895e-07
0.76 7.314832e-07
0.785 7.541702e-07
0.81 7.767949e-07
0.835 8.031595e-07
0.86 8.258096e-07
0.89 8.552951e-07
0.915 8.780087e-07
0.94 9.008803e-07
0.965 9.237194e-07
0.99 9.499449e-07
1.02 9.759353e-07
1.045 1.000442e-06
1.07 1.019178e-06
1.095 1.045829e-06
1.12 1.068785e-06
1.15 1.098178e-06
1.175 1.120778e-06
1.175 1.120289e-06
1.15 1.097732e-06
1.12 1.068156e-06
1.095 1.045419e-06
1.07 1.022404e-06
1.045 9.996298e-07
1.02 9.746669e-07
0.99 9.485814e-07
0.965 9.223238e-07
0.94 8.9931e-07
0.915 8.763108e-07
0.89 8.533368e-07
0.86 8.237296e-07
0.835 8.009645e-07
0.81 7.749207e-07
0.785 7.518357e-07
0.76 7.289665e-07
0.73 6.994031e-07
0.705 6.765241e-07
0.68 6.536183e-07
0.655 6.275657e-07
0.63 6.045679e-07
0.6 5.783913e-07
0.575 5.521233e-07
0.55 5.292879e-07
0.525 5.065009e-07
0.5 4.802223e-07
0.47 4.54281e-07
0.445 4.313163e-07
0.42 4.05412e-07
0.395 3.825508e-07
0.37 3.596115e-07
0.34 3.303752e-07
0.315 3.075979e-07
0.29 2.852039e-07
0.265 2.589926e-07
0.24 2.358958e-07
0.21 2.069555e-07
0.185 1.841192e-07
0.16 1.611499e-07
0.135 1.383761e-07
0.11 1.122575e-07
0.08 8.635509e-08
0.055 6.061704e-08
0.03 3.790204e-08
0.005 1.499854e-08
-0.02 -2.036626e-08
-0.05 -4.645038e-08
-0.075 -7.244538e-08
-0.1 -9.519656e-08
