Thu May  7 11:01:22 2026
-0.1 -1.406007e-09
-0.075 -1.013694e-09
-0.05 -6.645189e-10
-0.02 -2.330691e-10
0.005 2.919403e-10
0.03 5.609128e-10
0.055 8.523148e-10
0.08 1.26806e-09
0.11 1.706615e-09
0.135 2.012658e-09
0.16 2.339451e-09
0.185 2.736259e-09
0.21 2.992652e-09
0.24 3.365434e-09
0.265 3.752647e-09
0.29 4.088024e-09
0.315 4.363939e-09
0.34 4.754013e-09
0.37 5.16004e-09
0.395 5.428083e-09
0.42 5.810258e-09
0.445 6.246416e-09
0.47 6.493038e-09
0.5 6.874238e-09
0.525 7.316084e-09
0.55 7.541578e-09
0.575 7.934941e-09
0.6 8.227529e-09
0.63 8.637339e-09
0.655 8.943864e-09
0.68 9.265791e-09
0.705 9.643458e-09
0.73 1.00143e-08
0.76 1.032649e-08
0.785 1.07212e-08
0.81 1.10282e-08
0.835 1.131838e-08
0.86 1.177572e-08
0.89 1.214471e-08
0.915 1.239858e-08
0.94 1.284076e-08
0.965 1.311212e-08
0.99 1.349792e-08
1.02 1.395001e-08
1.045 1.420849e-08
1.07 1.455671e-08
1.095 1.489663e-08
1.12 1.510597e-08
1.15 1.56554e-08
1.175 1.594435e-08
1.175 1.589161e-08
1.15 1.567969e-08
1.12 1.514598e-08
1.095 1.483619e-08
1.07 1.447007e-08
1.045 1.407499e-08
1.02 1.386033e-08
0.99 1.340214e-08
0.965 1.302055e-08
0.94 1.280536e-08
0.915 1.236861e-08
0.89 1.20667e-08
0.86 1.165203e-08
0.835 1.122699e-08
0.81 1.092363e-08
0.785 1.059576e-08
0.76 1.021666e-08
0.73 9.940663e-09
0.705 9.523681e-09
0.68 9.20995e-09
0.655 8.893603e-09
0.63 8.493192e-09
0.6 8.145003e-09
0.575 7.700428e-09
0.55 7.44215e-09
0.525 7.1244e-09
0.5 6.687487e-09
0.47 6.374628e-09
0.445 6.108602e-09
0.42 5.65999e-09
0.395 5.361812e-09
0.37 5.097347e-09
0.34 4.595118e-09
0.315 4.30461e-09
0.29 4.034335e-09
0.265 3.595438e-09
0.24 3.304163e-09
0.21 2.91257e-09
0.185 2.548793e-09
0.16 2.14731e-09
0.135 1.901612e-09
0.11 1.50867e-09
0.08 1.113375e-09
0.055 8.02913e-10
0.03 5.283012e-10
0.005 1.507632e-10
-0.02 -3.926962e-10
-0.05 -7.156943e-10
-0.075 -1.038988e-09
-0.1 -1.390812e-09
