Thu May  7 01:23:20 2026
-0.1 -3.869228e-09
-0.075 -2.834533e-09
-0.05 -1.739741e-09
-0.02 -5.827095e-10
0.005 9.538565e-10
0.03 1.888953e-09
0.055 2.854473e-09
0.08 4.008008e-09
0.11 5.113948e-09
0.135 6.225103e-09
0.16 7.167317e-09
0.185 8.158163e-09
0.21 9.149143e-09
0.24 1.039546e-08
0.265 1.130561e-08
0.29 1.247395e-08
0.315 1.34699e-08
0.34 1.440684e-08
0.37 1.562287e-08
0.395 1.664642e-08
0.42 1.758768e-08
0.445 1.865002e-08
0.47 1.964496e-08
0.5 2.079435e-08
0.525 2.18571e-08
0.55 2.282657e-08
0.575 2.381216e-08
0.6 2.493646e-08
0.63 2.605844e-08
0.655 2.699741e-08
0.68 2.810985e-08
0.705 2.910122e-08
0.73 3.006006e-08
0.76 3.126762e-08
0.785 3.226964e-08
0.81 3.320576e-08
0.835 3.429161e-08
0.86 3.531053e-08
0.89 3.656119e-08
0.915 3.751288e-08
0.94 3.848662e-08
0.965 3.947832e-08
0.99 4.055645e-08
1.02 4.168962e-08
1.045 4.283222e-08
1.07 4.376967e-08
1.095 4.477088e-08
1.12 4.578224e-08
1.15 4.696781e-08
1.175 4.796397e-08
1.175 4.797754e-08
1.15 4.689751e-08
1.12 4.566413e-08
1.095 4.465035e-08
1.07 4.363079e-08
1.045 4.268013e-08
1.02 4.153518e-08
0.99 4.036502e-08
0.965 3.921592e-08
0.94 3.827015e-08
0.915 3.727427e-08
0.89 3.623919e-08
0.86 3.50027e-08
0.835 3.402515e-08
0.81 3.286884e-08
0.785 3.192448e-08
0.76 3.089518e-08
0.73 2.96149e-08
0.705 2.874803e-08
0.68 2.774097e-08
0.655 2.657137e-08
0.63 2.564074e-08
0.6 2.44968e-08
0.575 2.337775e-08
0.55 2.238723e-08
0.525 2.140797e-08
0.5 2.029893e-08
0.47 1.924306e-08
0.445 1.820435e-08
0.42 1.708521e-08
0.395 1.61475e-08
0.37 1.514446e-08
0.34 1.385849e-08
0.315 1.293792e-08
0.29 1.202364e-08
0.265 1.085765e-08
0.24 9.880826e-09
0.21 8.621576e-09
0.185 7.671425e-09
0.16 6.691131e-09
0.135 5.708613e-09
0.11 4.610456e-09
0.08 3.513023e-09
0.055 2.394874e-09
0.03 1.412274e-09
0.005 4.573568e-10
-0.02 -9.976213e-10
-0.05 -2.15129e-09
-0.075 -3.263798e-09
-0.1 -4.169332e-09
