Thu May  7 11:37:56 2026
-0.1 -3.247531e-09
-0.075 -2.397889e-09
-0.05 -1.412401e-09
-0.02 -4.850708e-10
0.005 7.378562e-10
0.03 1.566866e-09
0.055 2.414432e-09
0.08 3.330878e-09
0.11 4.24725e-09
0.135 5.229673e-09
0.16 6.054852e-09
0.185 6.859544e-09
0.21 7.611884e-09
0.24 8.708469e-09
0.265 9.543748e-09
0.29 1.044198e-08
0.315 1.122004e-08
0.34 1.205492e-08
0.37 1.31065e-08
0.395 1.389374e-08
0.42 1.472924e-08
0.445 1.565908e-08
0.47 1.646126e-08
0.5 1.741229e-08
0.525 1.835502e-08
0.55 1.914509e-08
0.575 1.998704e-08
0.6 2.090732e-08
0.63 2.184897e-08
0.655 2.265093e-08
0.68 2.356877e-08
0.705 2.435794e-08
0.73 2.51997e-08
0.76 2.623815e-08
0.785 2.700699e-08
0.81 2.789192e-08
0.835 2.882297e-08
0.86 2.960951e-08
0.89 3.06879e-08
0.915 3.151585e-08
0.94 3.229166e-08
0.965 3.311315e-08
0.99 3.407427e-08
1.02 3.496468e-08
1.045 3.591781e-08
1.07 3.67753e-08
1.095 3.755323e-08
1.12 3.834866e-08
1.15 3.94518e-08
1.175 4.024944e-08
1.175 4.017082e-08
1.15 3.937273e-08
1.12 3.827322e-08
1.095 3.739658e-08
1.07 3.659914e-08
1.045 3.579428e-08
1.02 3.480032e-08
0.99 3.390534e-08
0.965 3.29731e-08
0.94 3.210762e-08
0.915 3.129211e-08
0.89 3.048472e-08
0.86 2.93873e-08
0.835 2.853376e-08
0.81 2.764121e-08
0.785 2.680546e-08
0.76 2.595085e-08
0.73 2.495353e-08
0.705 2.417454e-08
0.68 2.330404e-08
0.655 2.234897e-08
0.63 2.156016e-08
0.6 2.060097e-08
0.575 1.968233e-08
0.55 1.884327e-08
0.525 1.800593e-08
0.5 1.710256e-08
0.47 1.614536e-08
0.445 1.532197e-08
0.42 1.440172e-08
0.395 1.362356e-08
0.37 1.277183e-08
0.34 1.172225e-08
0.315 1.091991e-08
0.29 1.006666e-08
0.265 9.127787e-09
0.24 8.334892e-09
0.21 7.304285e-09
0.185 6.472571e-09
0.16 5.631572e-09
0.135 4.853528e-09
0.11 3.929668e-09
0.08 2.969626e-09
0.055 2.034113e-09
0.03 1.251899e-09
0.005 4.560916e-10
-0.02 -8.346649e-10
-0.05 -1.77866e-09
-0.075 -2.703211e-09
-0.1 -3.526216e-09
