Thu May  7 03:18:29 2026
-0.1 -3.995773e-09
-0.075 -2.964615e-09
-0.05 -1.691135e-09
-0.02 -4.420205e-10
0.005 1.145612e-09
0.03 2.179471e-09
0.055 3.212568e-09
0.08 4.440456e-09
0.11 5.630894e-09
0.135 6.794696e-09
0.16 7.859355e-09
0.185 8.910095e-09
0.21 9.9152e-09
0.24 1.128076e-08
0.265 1.23278e-08
0.29 1.352679e-08
0.315 1.453349e-08
0.34 1.558032e-08
0.37 1.696897e-08
0.395 1.79457e-08
0.42 1.894691e-08
0.445 2.018128e-08
0.47 2.120101e-08
0.5 2.239645e-08
0.525 2.356225e-08
0.55 2.461778e-08
0.575 2.564535e-08
0.6 2.682678e-08
0.63 2.798639e-08
0.655 2.907443e-08
0.68 3.026634e-08
0.705 3.124654e-08
0.73 3.233231e-08
0.76 3.367402e-08
0.785 3.465459e-08
0.81 3.573351e-08
0.835 3.69047e-08
0.86 3.792285e-08
0.89 3.928329e-08
0.915 4.038681e-08
0.94 4.138375e-08
0.965 4.236481e-08
0.99 4.361409e-08
1.02 4.481962e-08
1.045 4.602866e-08
1.07 4.706618e-08
1.095 4.808903e-08
1.12 4.909888e-08
1.15 5.049785e-08
1.175 5.153107e-08
1.175 5.144569e-08
1.15 5.036665e-08
1.12 4.899764e-08
1.095 4.790708e-08
1.07 4.690474e-08
1.045 4.579152e-08
1.02 4.454769e-08
0.99 4.334592e-08
0.965 4.21038e-08
0.94 4.10715e-08
0.915 4.000864e-08
0.89 3.896722e-08
0.86 3.755878e-08
0.835 3.650808e-08
0.81 3.536512e-08
0.785 3.427391e-08
0.76 3.322392e-08
0.73 3.184239e-08
0.705 3.078653e-08
0.68 2.971986e-08
0.655 2.855473e-08
0.63 2.749689e-08
0.6 2.626438e-08
0.575 2.509612e-08
0.55 2.402966e-08
0.525 2.301847e-08
0.5 2.177416e-08
0.47 2.057453e-08
0.445 1.95629e-08
0.42 1.834715e-08
0.395 1.72836e-08
0.37 1.626264e-08
0.34 1.49068e-08
0.315 1.38562e-08
0.29 1.282519e-08
0.265 1.162119e-08
0.24 1.058554e-08
0.21 9.218496e-09
0.185 8.217461e-09
0.16 7.157629e-09
0.135 6.062677e-09
0.11 4.924335e-09
0.08 3.795671e-09
0.055 2.566985e-09
0.03 1.480989e-09
0.005 5.023405e-10
-0.02 -1.096311e-09
-0.05 -2.291892e-09
-0.075 -3.509239e-09
-0.1 -4.503274e-09
