Thu May  7 09:43:51 2026
-0.1 -1.549515e-09
-0.075 -1.169914e-09
-0.05 -7.838303e-10
-0.02 -2.446431e-10
0.005 3.257309e-10
0.03 6.739825e-10
0.055 1.060989e-09
0.08 1.477745e-09
0.11 1.928796e-09
0.135 2.449152e-09
0.16 2.741232e-09
0.185 3.049885e-09
0.21 3.491213e-09
0.24 4.043004e-09
0.265 4.353722e-09
0.29 4.805529e-09
0.315 5.190225e-09
0.34 5.556188e-09
0.37 5.964649e-09
0.395 6.418315e-09
0.42 6.859692e-09
0.445 7.212234e-09
0.47 7.555185e-09
0.5 8.037835e-09
0.525 8.517247e-09
0.55 8.842611e-09
0.575 9.294665e-09
0.6 9.632904e-09
0.63 1.005888e-08
0.655 1.04798e-08
0.68 1.088558e-08
0.705 1.122466e-08
0.73 1.165109e-08
0.76 1.214148e-08
0.785 1.250136e-08
0.81 1.289859e-08
0.835 1.338363e-08
0.86 1.370244e-08
0.89 1.411576e-08
0.915 1.457753e-08
0.94 1.49897e-08
0.965 1.53041e-08
0.99 1.576837e-08
1.02 1.624333e-08
1.045 1.661446e-08
1.07 1.698734e-08
1.095 1.742373e-08
1.12 1.775389e-08
1.15 1.818801e-08
1.175 1.864629e-08
1.175 1.859585e-08
1.15 1.814616e-08
1.12 1.772201e-08
1.095 1.729712e-08
1.07 1.689128e-08
1.045 1.656696e-08
1.02 1.617197e-08
0.99 1.56397e-08
0.965 1.522948e-08
0.94 1.488581e-08
0.915 1.449993e-08
0.89 1.403701e-08
0.86 1.360233e-08
0.835 1.327718e-08
0.81 1.277714e-08
0.785 1.240421e-08
0.76 1.206739e-08
0.73 1.15251e-08
0.705 1.110077e-08
0.68 1.079923e-08
0.655 1.032398e-08
0.63 9.907652e-09
0.6 9.507468e-09
0.575 9.072955e-09
0.55 8.715993e-09
0.525 8.367121e-09
0.5 7.918135e-09
0.47 7.407361e-09
0.445 7.096641e-09
0.42 6.680723e-09
0.395 6.271926e-09
0.37 5.833249e-09
0.34 5.416148e-09
0.315 5.064951e-09
0.29 4.646217e-09
0.265 4.229503e-09
0.24 3.8712e-09
0.21 3.346967e-09
0.185 2.933916e-09
0.16 2.602326e-09
0.135 2.281467e-09
0.11 1.793639e-09
0.08 1.34486e-09
0.055 9.503199e-10
0.03 5.979021e-10
0.005 1.956209e-10
-0.02 -4.010294e-10
-0.05 -8.563428e-10
-0.075 -1.245161e-09
-0.1 -1.668574e-09
