Wed May  6 18:53:34 2026
-0.1 -5.032941e-08
-0.075 -3.710222e-08
-0.05 -2.293215e-08
-0.02 -8.753033e-09
0.005 1.073642e-08
0.03 2.280506e-08
0.055 3.499776e-08
0.08 4.912032e-08
0.11 6.298664e-08
0.135 7.673036e-08
0.16 8.90643e-08
0.185 1.011085e-07
0.21 1.132019e-07
0.24 1.29721e-07
0.265 1.420284e-07
0.29 1.562723e-07
0.315 1.6843e-07
0.34 1.806385e-07
0.37 1.963675e-07
0.395 2.087009e-07
0.42 2.210754e-07
0.445 2.354706e-07
0.47 2.476511e-07
0.5 2.620699e-07
0.525 2.760069e-07
0.55 2.883544e-07
0.575 3.006789e-07
0.6 3.153794e-07
0.63 3.298346e-07
0.655 3.424394e-07
0.68 3.566506e-07
0.705 3.690553e-07
0.73 3.817766e-07
0.76 3.975312e-07
0.785 4.102235e-07
0.81 4.228057e-07
0.835 4.371601e-07
0.86 4.498648e-07
0.89 4.662942e-07
0.915 4.787229e-07
0.94 4.914344e-07
0.965 5.040581e-07
0.99 5.185569e-07
1.02 5.330143e-07
1.045 5.472447e-07
1.07 5.597777e-07
1.095 5.724962e-07
1.12 5.847747e-07
1.15 6.009274e-07
1.175 6.136904e-07
1.175 6.132448e-07
1.15 6.003426e-07
1.12 5.834165e-07
1.095 5.707588e-07
1.07 5.577108e-07
1.045 5.450985e-07
1.02 5.304721e-07
0.99 5.159162e-07
0.965 5.010032e-07
0.94 4.886604e-07
0.915 4.791088e-07
0.89 4.670065e-07
0.86 4.5026e-07
0.835 4.374419e-07
0.81 4.228066e-07
0.785 4.09911e-07
0.76 3.970712e-07
0.73 3.803307e-07
0.705 3.678207e-07
0.68 3.550396e-07
0.655 3.407159e-07
0.63 3.274318e-07
0.6 3.134651e-07
0.575 2.985255e-07
0.55 2.864521e-07
0.525 2.737446e-07
0.5 2.596006e-07
0.47 2.453887e-07
0.445 2.331462e-07
0.42 2.188626e-07
0.395 2.064137e-07
0.37 1.943794e-07
0.34 1.782382e-07
0.315 1.660576e-07
0.29 1.537789e-07
0.265 1.395902e-07
0.24 1.272283e-07
0.21 1.113118e-07
0.185 9.913315e-08
0.16 8.677481e-08
0.135 7.481557e-08
0.11 6.080363e-08
0.08 4.689737e-08
0.055 3.312235e-08
0.03 2.110209e-08
0.005 8.735644e-09
-0.02 -1.055126e-08
-0.05 -2.441902e-08
-0.075 -3.818929e-08
-0.1 -5.019635e-08
