Thu May  7 10:22:36 2026
-0.1 -1.438875e-09
-0.075 -1.073327e-09
-0.05 -6.526089e-10
-0.02 -2.774683e-10
0.005 2.935392e-10
0.03 6.681735e-10
0.055 1.00077e-09
0.08 1.400483e-09
0.11 1.795023e-09
0.135 2.226505e-09
0.16 2.576273e-09
0.185 2.931932e-09
0.21 3.249458e-09
0.24 3.727107e-09
0.265 4.087302e-09
0.29 4.470355e-09
0.315 4.849915e-09
0.34 5.187183e-09
0.37 5.630244e-09
0.395 5.989302e-09
0.42 6.318453e-09
0.445 6.729859e-09
0.47 7.069477e-09
0.5 7.485183e-09
0.525 7.891095e-09
0.55 8.231755e-09
0.575 8.596012e-09
0.6 8.994836e-09
0.63 9.414914e-09
0.655 9.75089e-09
0.68 1.015378e-08
0.705 1.050889e-08
0.73 1.08526e-08
0.76 1.132032e-08
0.785 1.165793e-08
0.81 1.200398e-08
0.835 1.241453e-08
0.86 1.277156e-08
0.89 1.321142e-08
0.915 1.356876e-08
0.94 1.394415e-08
0.965 1.425335e-08
0.99 1.465636e-08
1.02 1.509179e-08
1.045 1.54591e-08
1.07 1.581408e-08
1.095 1.62006e-08
1.12 1.650463e-08
1.15 1.698464e-08
1.175 1.73265e-08
1.175 1.726836e-08
1.15 1.692197e-08
1.12 1.646441e-08
1.095 1.607762e-08
1.07 1.575512e-08
1.045 1.537485e-08
1.02 1.498073e-08
0.99 1.458615e-08
0.965 1.41522e-08
0.94 1.37854e-08
0.915 1.34537e-08
0.89 1.309186e-08
0.86 1.261343e-08
0.835 1.228639e-08
0.81 1.188025e-08
0.785 1.150319e-08
0.76 1.117137e-08
0.73 1.070267e-08
0.705 1.03336e-08
0.68 1.001123e-08
0.655 9.565253e-09
0.63 9.233841e-09
0.6 8.842922e-09
0.575 8.427258e-09
0.55 8.086009e-09
0.525 7.723408e-09
0.5 7.320486e-09
0.47 6.923973e-09
0.445 6.593271e-09
0.42 6.177019e-09
0.395 5.854347e-09
0.37 5.488086e-09
0.34 5.000642e-09
0.315 4.678897e-09
0.29 4.32354e-09
0.265 3.92029e-09
0.24 3.573683e-09
0.21 3.144684e-09
0.185 2.770299e-09
0.16 2.420617e-09
0.135 2.083437e-09
0.11 1.666762e-09
0.08 1.283083e-09
0.055 8.844627e-10
0.03 5.34361e-10
0.005 1.938951e-10
-0.02 -3.660564e-10
-0.05 -7.817673e-10
-0.075 -1.144325e-09
-0.1 -1.487902e-09
