Wed May  6 18:15:54 2026
-0.1 -1.082807e-07
-0.075 -8.150975e-08
-0.05 -5.21987e-08
-0.02 -2.296832e-08
0.005 1.787309e-08
0.03 4.273814e-08
0.055 6.787447e-08
0.08 9.699134e-08
0.11 1.259127e-07
0.135 1.548823e-07
0.16 1.800224e-07
0.185 2.053436e-07
0.21 2.309741e-07
0.24 2.638898e-07
0.265 2.892618e-07
0.29 3.245506e-07
0.315 3.590278e-07
0.34 4.156375e-07
0.37 4.533055e-07
0.395 4.882183e-07
0.42 5.202565e-07
0.445 5.686751e-07
0.47 6.089242e-07
0.5 6.523721e-07
0.525 6.972643e-07
0.55 7.306471e-07
0.575 7.609995e-07
0.6 8.153217e-07
0.63 8.573852e-07
0.655 8.985217e-07
0.68 9.511625e-07
0.705 9.93501e-07
0.73 1.047064e-06
0.76 1.130717e-06
0.785 1.191226e-06
0.81 1.217334e-06
0.835 1.281952e-06
0.86 1.338661e-06
0.89 1.39873e-06
0.915 1.424913e-06
0.94 1.410549e-06
0.965 1.466054e-06
0.99 1.493323e-06
1.02 1.546334e-06
1.045 1.517186e-06
1.07 1.568283e-06
1.095 1.60636e-06
1.12 1.666362e-06
1.15 1.724695e-06
1.175 1.794805e-06
1.175 1.812607e-06
1.15 1.768519e-06
1.12 1.717308e-06
1.095 1.718321e-06
1.07 1.686466e-06
1.045 1.659016e-06
1.02 1.595604e-06
0.99 1.536061e-06
0.965 1.470259e-06
0.94 1.421689e-06
0.915 1.378948e-06
0.89 1.361381e-06
0.86 1.248674e-06
0.835 1.245579e-06
0.81 1.192906e-06
0.785 1.172563e-06
0.76 1.117737e-06
0.73 1.100439e-06
0.705 1.048394e-06
0.68 1.004185e-06
0.655 9.630393e-07
0.63 9.040975e-07
0.6 8.595973e-07
0.575 7.979733e-07
0.55 7.786104e-07
0.525 7.310617e-07
0.5 6.802355e-07
0.47 6.425121e-07
0.445 6.067878e-07
0.42 5.649327e-07
0.395 5.303194e-07
0.37 4.93547e-07
0.34 4.523241e-07
0.315 4.170344e-07
0.29 3.872649e-07
0.265 3.481701e-07
0.24 3.098444e-07
0.21 2.696255e-07
0.185 2.345009e-07
0.16 2.097036e-07
0.135 1.745839e-07
0.11 1.428838e-07
0.08 1.078076e-07
0.055 6.843007e-08
0.03 4.182492e-08
0.005 1.517846e-08
-0.02 -2.759383e-08
-0.05 -5.629181e-08
-0.075 -8.547229e-08
-0.1 -1.113509e-07
