Thu May  7 05:51:19 2026
-0.1 -3.193767e-09
-0.075 -2.357633e-09
-0.05 -1.472842e-09
-0.02 -5.742507e-10
0.005 6.140197e-10
0.03 1.393632e-09
0.055 2.13714e-09
0.08 3.016355e-09
0.11 3.929526e-09
0.135 4.786568e-09
0.16 5.542361e-09
0.185 6.314147e-09
0.21 7.114671e-09
0.24 8.083519e-09
0.265 8.835484e-09
0.29 9.746175e-09
0.315 1.048579e-08
0.34 1.125056e-08
0.37 1.226069e-08
0.395 1.305403e-08
0.42 1.37738e-08
0.445 1.463429e-08
0.47 1.542452e-08
0.5 1.629859e-08
0.525 1.714653e-08
0.55 1.795085e-08
0.575 1.867765e-08
0.6 1.959658e-08
0.63 2.045607e-08
0.655 2.121508e-08
0.68 2.211048e-08
0.705 2.28723e-08
0.73 2.360692e-08
0.76 2.464569e-08
0.785 2.54152e-08
0.81 2.616809e-08
0.835 2.705085e-08
0.86 2.785297e-08
0.89 2.881015e-08
0.915 2.958586e-08
0.94 3.035172e-08
0.965 3.111454e-08
0.99 3.197182e-08
1.02 3.288558e-08
1.045 3.377415e-08
1.07 3.450651e-08
1.095 3.530014e-08
1.12 3.605225e-08
1.15 3.70215e-08
1.175 3.784049e-08
1.175 3.781299e-08
1.15 3.69638e-08
1.12 3.600143e-08
1.095 3.521022e-08
1.07 3.438922e-08
1.045 3.365516e-08
1.02 3.274315e-08
0.99 3.178571e-08
0.965 3.094497e-08
0.94 3.021571e-08
0.915 2.938658e-08
0.89 2.862545e-08
0.86 2.76399e-08
0.835 2.683472e-08
0.81 2.591405e-08
0.785 2.518538e-08
0.76 2.439998e-08
0.73 2.333299e-08
0.705 2.26427e-08
0.68 2.184157e-08
0.655 2.091561e-08
0.63 2.020064e-08
0.6 1.934097e-08
0.575 1.842378e-08
0.55 1.764051e-08
0.525 1.681276e-08
0.5 1.600988e-08
0.47 1.513516e-08
0.445 1.434482e-08
0.42 1.346625e-08
0.395 1.27151e-08
0.37 1.193255e-08
0.34 1.094999e-08
0.315 1.017745e-08
0.29 9.409288e-09
0.265 8.508775e-09
0.24 7.766492e-09
0.21 6.79218e-09
0.185 6.025694e-09
0.16 5.23581e-09
0.135 4.479763e-09
0.11 3.586999e-09
0.08 2.714855e-09
0.055 1.852512e-09
0.03 1.094824e-09
0.005 3.322963e-10
-0.02 -8.574811e-10
-0.05 -1.720974e-09
-0.075 -2.588633e-09
-0.1 -3.346705e-09
