Thu May  7 02:03:10 2026
-0.1 -3.397371e-09
-0.075 -2.47753e-09
-0.05 -1.386693e-09
-0.02 -3.763684e-10
0.005 1.063894e-09
0.03 2.010143e-09
0.055 2.95311e-09
0.08 3.990159e-09
0.11 5.062311e-09
0.135 6.135131e-09
0.16 7.022135e-09
0.185 7.904847e-09
0.21 8.870782e-09
0.24 1.002338e-08
0.265 1.092048e-08
0.29 1.205646e-08
0.315 1.294936e-08
0.34 1.383045e-08
0.37 1.505386e-08
0.395 1.594253e-08
0.42 1.68509e-08
0.445 1.793287e-08
0.47 1.882361e-08
0.5 1.987457e-08
0.525 2.09534e-08
0.55 2.183473e-08
0.575 2.276179e-08
0.6 2.379187e-08
0.63 2.485486e-08
0.655 2.575065e-08
0.68 2.679135e-08
0.705 2.774411e-08
0.73 2.865159e-08
0.76 2.981339e-08
0.785 3.078684e-08
0.81 3.168242e-08
0.835 3.274195e-08
0.86 3.369084e-08
0.89 3.482724e-08
0.915 3.574351e-08
0.94 3.670653e-08
0.965 3.758727e-08
0.99 3.865938e-08
1.02 3.970561e-08
1.045 4.07336e-08
1.07 4.170105e-08
1.095 4.258267e-08
1.12 4.348083e-08
1.15 4.471111e-08
1.175 4.559298e-08
1.175 4.555617e-08
1.15 4.463124e-08
1.12 4.339069e-08
1.095 4.249659e-08
1.07 4.155331e-08
1.045 4.05596e-08
1.02 3.958091e-08
0.99 3.851917e-08
0.965 3.739978e-08
0.94 3.648217e-08
0.915 3.55515e-08
0.89 3.454151e-08
0.86 3.338463e-08
0.835 3.248236e-08
0.81 3.136874e-08
0.785 3.046931e-08
0.76 2.953602e-08
0.73 2.831411e-08
0.705 2.742035e-08
0.68 2.647772e-08
0.655 2.538827e-08
0.63 2.451942e-08
0.6 2.343386e-08
0.575 2.240464e-08
0.55 2.143659e-08
0.525 2.051668e-08
0.5 1.948549e-08
0.47 1.840394e-08
0.445 1.752388e-08
0.42 1.64695e-08
0.395 1.551576e-08
0.37 1.458748e-08
0.34 1.345415e-08
0.315 1.250908e-08
0.29 1.156637e-08
0.265 1.055778e-08
0.24 9.635078e-09
0.21 8.416538e-09
0.185 7.548253e-09
0.16 6.650525e-09
0.135 5.696456e-09
0.11 4.671389e-09
0.08 3.633872e-09
0.055 2.539924e-09
0.03 1.6265e-09
0.005 7.489274e-10
-0.02 -6.348522e-10
-0.05 -1.724339e-09
-0.075 -2.774684e-09
-0.1 -3.660151e-09
