Thu May  7 00:06:55 2026
-0.1 -5.821824e-09
-0.075 -4.417755e-09
-0.05 -2.761681e-09
-0.02 -1.096098e-09
0.005 1.074414e-09
0.03 2.433924e-09
0.055 3.880499e-09
0.08 5.485041e-09
0.11 7.10549e-09
0.135 8.716133e-09
0.16 1.017643e-08
0.185 1.1543e-08
0.21 1.291643e-08
0.24 1.479663e-08
0.265 1.617808e-08
0.29 1.776503e-08
0.315 1.917281e-08
0.34 2.056093e-08
0.37 2.236463e-08
0.395 2.380027e-08
0.42 2.5206e-08
0.445 2.676386e-08
0.47 2.820866e-08
0.5 2.982676e-08
0.525 3.138972e-08
0.55 3.282686e-08
0.575 3.421769e-08
0.6 3.586178e-08
0.63 3.744559e-08
0.655 3.885248e-08
0.68 4.052012e-08
0.705 4.18427e-08
0.73 4.327521e-08
0.76 4.509843e-08
0.785 4.643655e-08
0.81 4.786973e-08
0.835 4.945121e-08
0.86 5.076655e-08
0.89 5.268808e-08
0.915 5.404251e-08
0.94 5.547679e-08
0.965 5.691132e-08
0.99 5.846466e-08
1.02 6.008764e-08
1.045 6.17306e-08
1.07 6.305551e-08
1.095 6.44985e-08
1.12 6.591373e-08
1.15 6.765538e-08
1.175 6.91205e-08
1.175 6.912005e-08
1.15 6.757624e-08
1.12 6.573725e-08
1.095 6.430557e-08
1.07 6.284964e-08
1.045 6.145424e-08
1.02 5.980245e-08
0.99 5.811822e-08
0.965 5.653912e-08
0.94 5.509726e-08
0.915 5.364782e-08
0.89 5.226973e-08
0.86 5.045015e-08
0.835 4.901683e-08
0.81 4.742336e-08
0.785 4.599473e-08
0.76 4.457344e-08
0.73 4.280977e-08
0.705 4.134553e-08
0.68 3.993229e-08
0.655 3.836065e-08
0.63 3.691193e-08
0.6 3.529452e-08
0.575 3.362916e-08
0.55 3.227317e-08
0.525 3.084179e-08
0.5 2.92059e-08
0.47 2.768921e-08
0.445 2.625028e-08
0.42 2.460527e-08
0.395 2.325378e-08
0.37 2.181078e-08
0.34 1.997193e-08
0.315 1.865424e-08
0.29 1.724522e-08
0.265 1.558992e-08
0.24 1.424225e-08
0.21 1.242698e-08
0.185 1.098135e-08
0.16 9.647271e-09
0.135 8.282914e-09
0.11 6.645295e-09
0.08 5.072996e-09
0.055 3.50855e-09
0.03 2.066652e-09
0.005 6.171323e-10
-0.02 -1.441614e-09
-0.05 -3.019491e-09
-0.075 -4.651023e-09
-0.1 -6.005557e-09
