Thu May  7 04:39:17 2026
-0.1 -2.212522e-09
-0.075 -1.484921e-09
-0.05 -7.499538e-10
-0.02 -2.616673e-12
0.005 1.020972e-09
0.03 1.696394e-09
0.055 2.305793e-09
0.08 3.043493e-09
0.11 3.828068e-09
0.135 4.589338e-09
0.16 5.202309e-09
0.185 5.834518e-09
0.21 6.528404e-09
0.24 7.395844e-09
0.265 8.013492e-09
0.29 8.764947e-09
0.315 9.427287e-09
0.34 1.006127e-08
0.37 1.087614e-08
0.395 1.156161e-08
0.42 1.222508e-08
0.445 1.295552e-08
0.47 1.360168e-08
0.5 1.437202e-08
0.525 1.509291e-08
0.55 1.57533e-08
0.575 1.640049e-08
0.6 1.716353e-08
0.63 1.790152e-08
0.655 1.854618e-08
0.68 1.928216e-08
0.705 1.996839e-08
0.73 2.05982e-08
0.76 2.146822e-08
0.785 2.210284e-08
0.81 2.275424e-08
0.835 2.348124e-08
0.86 2.413688e-08
0.89 2.497563e-08
0.915 2.564284e-08
0.94 2.629855e-08
0.965 2.692169e-08
0.99 2.768587e-08
1.02 2.843148e-08
1.045 2.920097e-08
1.07 2.984413e-08
1.095 3.049804e-08
1.12 3.116302e-08
1.15 3.199956e-08
1.175 3.266714e-08
1.175 3.262597e-08
1.15 3.194061e-08
1.12 3.108114e-08
1.095 3.038416e-08
1.07 2.971419e-08
1.045 2.906529e-08
1.02 2.829136e-08
0.99 2.753458e-08
0.965 2.679767e-08
0.94 2.61142e-08
0.915 2.543276e-08
0.89 2.479956e-08
0.86 2.398227e-08
0.835 2.329973e-08
0.81 2.256601e-08
0.785 2.189602e-08
0.76 2.123432e-08
0.73 2.037533e-08
0.705 1.975291e-08
0.68 1.908818e-08
0.655 1.832342e-08
0.63 1.768282e-08
0.6 1.691967e-08
0.575 1.617225e-08
0.55 1.551104e-08
0.525 1.486202e-08
0.5 1.410334e-08
0.47 1.336178e-08
0.445 1.270609e-08
0.42 1.195407e-08
0.395 1.130563e-08
0.37 1.064755e-08
0.34 9.850991e-09
0.315 9.172824e-09
0.29 8.519156e-09
0.265 7.775955e-09
0.24 7.120938e-09
0.21 6.278678e-09
0.185 5.633331e-09
0.16 4.995317e-09
0.135 4.337106e-09
0.11 3.595661e-09
0.08 2.85514e-09
0.055 2.12426e-09
0.03 1.477327e-09
0.005 8.042196e-10
-0.02 -1.890496e-10
-0.05 -8.960717e-10
-0.075 -1.644631e-09
-0.1 -2.300519e-09
