Thu May  7 07:49:46 2026
-0.1 -2.426352e-09
-0.075 -1.737469e-09
-0.05 -1.009826e-09
-0.02 -2.606356e-10
0.005 7.307063e-10
0.03 1.333584e-09
0.055 1.949336e-09
0.08 2.667466e-09
0.11 3.387915e-09
0.135 4.075665e-09
0.16 4.705642e-09
0.185 5.341883e-09
0.21 5.937099e-09
0.24 6.749667e-09
0.265 7.384181e-09
0.29 8.071848e-09
0.315 8.645475e-09
0.34 9.289639e-09
0.37 1.010148e-08
0.395 1.067634e-08
0.42 1.129441e-08
0.445 1.201362e-08
0.47 1.26227e-08
0.5 1.333233e-08
0.525 1.404751e-08
0.55 1.465193e-08
0.575 1.526006e-08
0.6 1.596418e-08
0.63 1.670231e-08
0.655 1.731341e-08
0.68 1.801647e-08
0.705 1.864105e-08
0.73 1.925676e-08
0.76 2.005658e-08
0.785 2.066708e-08
0.81 2.130999e-08
0.835 2.197196e-08
0.86 2.260084e-08
0.89 2.342259e-08
0.915 2.402276e-08
0.94 2.465408e-08
0.965 2.528632e-08
0.99 2.60002e-08
1.02 2.670326e-08
1.045 2.743227e-08
1.07 2.80395e-08
1.095 2.868573e-08
1.12 2.930003e-08
1.15 3.01019e-08
1.175 3.071588e-08
1.175 3.066561e-08
1.15 3.000786e-08
1.12 2.914234e-08
1.095 2.853084e-08
1.07 2.789301e-08
1.045 2.724282e-08
1.02 2.651223e-08
0.99 2.579351e-08
0.965 2.505443e-08
0.94 2.442075e-08
0.915 2.380608e-08
0.89 2.317403e-08
0.86 2.235059e-08
0.835 2.174907e-08
0.81 2.098561e-08
0.785 2.038635e-08
0.76 1.97433e-08
0.73 1.891117e-08
0.705 1.829356e-08
0.68 1.769472e-08
0.655 1.694347e-08
0.63 1.633053e-08
0.6 1.560289e-08
0.575 1.488093e-08
0.55 1.426889e-08
0.525 1.36181e-08
0.5 1.29246e-08
0.47 1.221617e-08
0.445 1.158686e-08
0.42 1.086354e-08
0.395 1.025836e-08
0.37 9.620172e-09
0.34 8.796967e-09
0.315 8.193925e-09
0.29 7.589029e-09
0.265 6.858979e-09
0.24 6.249969e-09
0.21 5.447756e-09
0.185 4.816143e-09
0.16 4.202877e-09
0.135 3.594905e-09
0.11 2.895033e-09
0.08 2.175136e-09
0.055 1.450141e-09
0.03 8.431013e-10
0.005 2.284011e-10
-0.02 -7.434304e-10
-0.05 -1.449105e-09
-0.075 -2.150654e-09
-0.1 -2.761854e-09
