Thu May  7 11:40:07 2026
-0.1 -1.231731e-09
-0.075 -8.892497e-10
-0.05 -5.632209e-10
-0.02 -2.382456e-10
0.005 2.539415e-10
0.03 5.553151e-10
0.055 8.426331e-10
0.08 1.176914e-09
0.11 1.521501e-09
0.135 1.857928e-09
0.16 2.153579e-09
0.185 2.478179e-09
0.21 2.757586e-09
0.24 3.144005e-09
0.265 3.449667e-09
0.29 3.778307e-09
0.315 4.052371e-09
0.34 4.365111e-09
0.37 4.7676e-09
0.395 5.021334e-09
0.42 5.341311e-09
0.445 5.685352e-09
0.47 5.987104e-09
0.5 6.321341e-09
0.525 6.672704e-09
0.55 6.972724e-09
0.575 7.271423e-09
0.6 7.610406e-09
0.63 7.938194e-09
0.655 8.235535e-09
0.68 8.574234e-09
0.705 8.87771e-09
0.73 9.154294e-09
0.76 9.55474e-09
0.785 9.867421e-09
0.81 1.014326e-08
0.835 1.048102e-08
0.86 1.078218e-08
0.89 1.114048e-08
0.915 1.146223e-08
0.94 1.175178e-08
0.965 1.205331e-08
0.99 1.240229e-08
1.02 1.273097e-08
1.045 1.306542e-08
1.07 1.339162e-08
1.095 1.366788e-08
1.12 1.396403e-08
1.15 1.438741e-08
1.175 1.466069e-08
1.175 1.467707e-08
1.15 1.435918e-08
1.12 1.392682e-08
1.095 1.364565e-08
1.07 1.334428e-08
1.045 1.299741e-08
1.02 1.267664e-08
0.99 1.233555e-08
0.965 1.195426e-08
0.94 1.16853e-08
0.915 1.136453e-08
0.89 1.106164e-08
0.86 1.070226e-08
0.835 1.036939e-08
0.81 1.001757e-08
0.785 9.75406e-09
0.76 9.457305e-09
0.73 9.056963e-09
0.705 8.766569e-09
0.68 8.462812e-09
0.655 8.119483e-09
0.63 7.806153e-09
0.6 7.488319e-09
0.575 7.146636e-09
0.55 6.850619e-09
0.525 6.550929e-09
0.5 6.199142e-09
0.47 5.864055e-09
0.445 5.576152e-09
0.42 5.220997e-09
0.395 4.925317e-09
0.37 4.649388e-09
0.34 4.261246e-09
0.315 3.954411e-09
0.29 3.669027e-09
0.265 3.315303e-09
0.24 2.986626e-09
0.21 2.641825e-09
0.185 2.381608e-09
0.16 2.052292e-09
0.135 1.758535e-09
0.11 1.447569e-09
0.08 1.067294e-09
0.055 7.171529e-10
0.03 4.432159e-10
0.005 1.783248e-10
-0.02 -3.187106e-10
-0.05 -6.626663e-10
-0.075 -9.899149e-10
-0.1 -1.279454e-09
