Thu May  7 09:06:11 2026
-0.1 -1.242092e-09
-0.075 -8.287364e-10
-0.05 -4.940793e-10
-0.02 -2.403932e-10
0.005 3.699996e-10
0.03 7.620563e-10
0.055 9.955574e-10
0.08 1.406339e-09
0.11 1.816532e-09
0.135 2.118873e-09
0.16 2.38684e-09
0.185 2.79779e-09
0.21 3.072862e-09
0.24 3.41914e-09
0.265 3.855631e-09
0.29 4.191429e-09
0.315 4.432207e-09
0.34 4.843749e-09
0.37 5.266358e-09
0.395 5.50255e-09
0.42 5.91307e-09
0.445 6.345994e-09
0.47 6.591077e-09
0.5 6.960067e-09
0.525 7.379227e-09
0.55 7.620841e-09
0.575 7.998039e-09
0.6 8.287888e-09
0.63 8.771258e-09
0.655 9.074859e-09
0.68 9.37645e-09
0.705 9.782523e-09
0.73 1.008717e-08
0.76 1.044451e-08
0.785 1.087685e-08
0.81 1.119408e-08
0.835 1.151827e-08
0.86 1.195943e-08
0.89 1.230844e-08
0.915 1.262252e-08
0.94 1.304685e-08
0.965 1.321464e-08
0.99 1.369156e-08
1.02 1.409009e-08
1.045 1.433492e-08
1.07 1.477792e-08
1.095 1.506924e-08
1.12 1.541959e-08
1.15 1.592628e-08
1.175 1.614599e-08
1.175 1.614673e-08
1.15 1.579575e-08
1.12 1.52865e-08
1.095 1.504394e-08
1.07 1.469126e-08
1.045 1.434867e-08
1.02 1.403178e-08
0.99 1.355447e-08
0.965 1.318113e-08
0.94 1.292187e-08
0.915 1.250332e-08
0.89 1.218255e-08
0.86 1.18031e-08
0.835 1.13725e-08
0.81 1.105935e-08
0.785 1.072974e-08
0.76 1.034088e-08
0.73 9.983371e-09
0.705 9.660108e-09
0.68 9.257029e-09
0.655 8.935842e-09
0.63 8.590442e-09
0.6 8.180117e-09
0.575 7.848405e-09
0.55 7.476306e-09
0.525 7.191412e-09
0.5 6.819642e-09
0.47 6.427378e-09
0.445 6.141112e-09
0.42 5.776283e-09
0.395 5.408835e-09
0.37 5.096812e-09
0.34 4.688899e-09
0.315 4.329116e-09
0.29 3.979386e-09
0.265 3.652008e-09
0.24 3.371126e-09
0.21 2.895454e-09
0.185 2.58836e-09
0.16 2.285259e-09
0.135 1.946517e-09
0.11 1.519913e-09
0.08 1.19371e-09
0.055 8.845502e-10
0.03 5.111344e-10
0.005 1.588013e-10
-0.02 -3.03688e-10
-0.05 -6.306009e-10
-0.075 -1.03575e-09
-0.1 -1.31334e-09
