Thu May  7 07:48:40 2026
-0.1 -1.586973e-09
-0.075 -1.132375e-09
-0.05 -6.646473e-10
-0.02 -2.366472e-10
0.005 3.934375e-10
0.03 7.960559e-10
0.055 1.179654e-09
0.08 1.642951e-09
0.11 2.088492e-09
0.135 2.531886e-09
0.16 2.959754e-09
0.185 3.319324e-09
0.21 3.698248e-09
0.24 4.243689e-09
0.265 4.626825e-09
0.29 5.065675e-09
0.315 5.472967e-09
0.34 5.881097e-09
0.37 6.383575e-09
0.395 6.777139e-09
0.42 7.188139e-09
0.445 7.629803e-09
0.47 8.027506e-09
0.5 8.481376e-09
0.525 8.946008e-09
0.55 9.341859e-09
0.575 9.750235e-09
0.6 1.018963e-08
0.63 1.066838e-08
0.655 1.103998e-08
0.68 1.150644e-08
0.705 1.190846e-08
0.73 1.231998e-08
0.76 1.283506e-08
0.785 1.322587e-08
0.81 1.36201e-08
0.835 1.408444e-08
0.86 1.446278e-08
0.89 1.499766e-08
0.915 1.536855e-08
0.94 1.580779e-08
0.965 1.619153e-08
0.99 1.666176e-08
1.02 1.712696e-08
1.045 1.757295e-08
1.07 1.796386e-08
1.095 1.837893e-08
1.12 1.875596e-08
1.15 1.929598e-08
1.175 1.96903e-08
1.175 1.966447e-08
1.15 1.926791e-08
1.12 1.872166e-08
1.095 1.832052e-08
1.07 1.791781e-08
1.045 1.746257e-08
1.02 1.701677e-08
0.99 1.657476e-08
0.965 1.607423e-08
0.94 1.565812e-08
0.915 1.528938e-08
0.89 1.483982e-08
0.86 1.430167e-08
0.835 1.393731e-08
0.81 1.344043e-08
0.785 1.304167e-08
0.76 1.263139e-08
0.73 1.209557e-08
0.705 1.17274e-08
0.68 1.131975e-08
0.655 1.084195e-08
0.63 1.045584e-08
0.6 9.985593e-09
0.575 9.53223e-09
0.55 9.135922e-09
0.525 8.707512e-09
0.5 8.282373e-09
0.47 7.806535e-09
0.445 7.399842e-09
0.42 6.958122e-09
0.395 6.588368e-09
0.37 6.17342e-09
0.34 5.63813e-09
0.315 5.265556e-09
0.29 4.88061e-09
0.265 4.388192e-09
0.24 4.03022e-09
0.21 3.526983e-09
0.185 3.106948e-09
0.16 2.737655e-09
0.135 2.327129e-09
0.11 1.867239e-09
0.08 1.399942e-09
0.055 9.549906e-10
0.03 6.034577e-10
0.005 1.813977e-10
-0.02 -4.389066e-10
-0.05 -8.610144e-10
-0.075 -1.288891e-09
-0.1 -1.699172e-09
