Wed May  6 20:50:57 2026
-0.1 -1.896381e-08
-0.075 -1.414213e-08
-0.05 -8.920548e-09
-0.02 -3.76308e-09
0.005 3.414839e-09
0.03 7.912267e-09
0.055 1.240268e-08
0.08 1.752641e-08
0.11 2.273899e-08
0.135 2.787753e-08
0.16 3.231705e-08
0.185 3.679641e-08
0.21 4.131198e-08
0.24 4.710643e-08
0.265 5.150712e-08
0.29 5.666642e-08
0.315 6.117187e-08
0.34 6.559905e-08
0.37 7.136119e-08
0.395 7.58118e-08
0.42 8.030207e-08
0.445 8.544274e-08
0.47 8.992566e-08
0.5 9.505005e-08
0.525 1.001145e-07
0.55 1.045626e-07
0.575 1.090326e-07
0.6 1.142355e-07
0.63 1.193705e-07
0.655 1.238233e-07
0.68 1.288924e-07
0.705 1.334099e-07
0.73 1.378032e-07
0.76 1.435796e-07
0.785 1.479808e-07
0.81 1.524878e-07
0.835 1.575183e-07
0.86 1.619999e-07
0.89 1.678497e-07
0.915 1.72164e-07
0.94 1.766631e-07
0.965 1.811469e-07
0.99 1.861975e-07
1.02 1.913344e-07
1.045 1.965374e-07
1.07 2.008847e-07
1.095 2.053055e-07
1.12 2.097595e-07
1.15 2.155556e-07
1.175 2.199233e-07
1.175 2.197111e-07
1.15 2.150084e-07
1.12 2.090233e-07
1.095 2.0438e-07
1.07 1.998735e-07
1.045 1.952562e-07
1.02 1.899819e-07
0.99 1.846934e-07
0.965 1.795085e-07
0.94 1.749427e-07
0.915 1.703511e-07
0.89 1.657891e-07
0.86 1.599246e-07
0.835 1.55424e-07
0.81 1.502693e-07
0.785 1.456993e-07
0.76 1.413103e-07
0.73 1.354294e-07
0.705 1.309435e-07
0.68 1.264905e-07
0.655 1.212702e-07
0.63 1.167388e-07
0.6 1.116899e-07
0.575 1.064744e-07
0.55 1.020343e-07
0.525 9.752641e-08
0.5 9.242507e-08
0.47 8.73304e-08
0.445 8.283043e-08
0.42 7.771757e-08
0.395 7.325369e-08
0.37 6.884668e-08
0.34 6.31001e-08
0.315 5.860619e-08
0.29 5.419346e-08
0.265 4.913331e-08
0.24 4.463845e-08
0.21 3.888247e-08
0.185 3.449322e-08
0.16 3.00445e-08
0.135 2.554576e-08
0.11 2.052042e-08
0.08 1.545878e-08
0.055 1.036446e-08
0.03 5.903344e-09
0.005 1.473747e-09
-0.02 -5.5313e-09
-0.05 -1.061136e-08
-0.075 -1.574493e-08
-0.1 -2.016588e-08
