Thu May  7 07:14:18 2026
-0.1 -1.550149e-09
-0.075 -1.067689e-09
-0.05 -6.29254e-10
-0.02 -1.624518e-10
0.005 5.370974e-10
0.03 9.499832e-10
0.055 1.343511e-09
0.08 1.801464e-09
0.11 2.303097e-09
0.135 2.824208e-09
0.16 3.204695e-09
0.185 3.605588e-09
0.21 4.061438e-09
0.24 4.585663e-09
0.265 5.036252e-09
0.29 5.510997e-09
0.315 5.894464e-09
0.34 6.262115e-09
0.37 6.852584e-09
0.395 7.256044e-09
0.42 7.638036e-09
0.445 8.151082e-09
0.47 8.592441e-09
0.5 9.031134e-09
0.525 9.522068e-09
0.55 9.982553e-09
0.575 1.035349e-08
0.6 1.084934e-08
0.63 1.129182e-08
0.655 1.170117e-08
0.68 1.222947e-08
0.705 1.259675e-08
0.73 1.306169e-08
0.76 1.36033e-08
0.785 1.397151e-08
0.81 1.441405e-08
0.835 1.491769e-08
0.86 1.529288e-08
0.89 1.583519e-08
0.915 1.627721e-08
0.94 1.666644e-08
0.965 1.708538e-08
0.99 1.756469e-08
1.02 1.800232e-08
1.045 1.852244e-08
1.07 1.892797e-08
1.095 1.933232e-08
1.12 1.976671e-08
1.15 2.029029e-08
1.175 2.067964e-08
1.175 2.070328e-08
1.15 2.026228e-08
1.12 1.96933e-08
1.095 1.92951e-08
1.07 1.884241e-08
1.045 1.840887e-08
1.02 1.794555e-08
0.99 1.743707e-08
0.965 1.697347e-08
0.94 1.65498e-08
0.915 1.612466e-08
0.89 1.567748e-08
0.86 1.518339e-08
0.835 1.473706e-08
0.81 1.425253e-08
0.785 1.386137e-08
0.76 1.342456e-08
0.73 1.286226e-08
0.705 1.251484e-08
0.68 1.203679e-08
0.655 1.155795e-08
0.63 1.11865e-08
0.6 1.064968e-08
0.575 1.020447e-08
0.55 9.744382e-09
0.525 9.344285e-09
0.5 8.900141e-09
0.47 8.376753e-09
0.445 7.934107e-09
0.42 7.498715e-09
0.395 7.049463e-09
0.37 6.62581e-09
0.34 6.103479e-09
0.315 5.735783e-09
0.29 5.280356e-09
0.265 4.80835e-09
0.24 4.413646e-09
0.21 3.854231e-09
0.185 3.39826e-09
0.16 3.019793e-09
0.135 2.631147e-09
0.11 2.115966e-09
0.08 1.659991e-09
0.055 1.208729e-09
0.03 7.664314e-10
0.005 3.044384e-10
-0.02 -2.91946e-10
-0.05 -7.383785e-10
-0.075 -1.24171e-09
-0.1 -1.609361e-09
