Thu May  7 08:24:09 2026
-0.1 -5.918702e-09
-0.075 -4.372088e-09
-0.05 -2.687945e-09
-0.02 -9.10084e-10
0.005 1.439118e-09
0.03 2.831533e-09
0.055 4.305039e-09
0.08 6.02484e-09
0.11 7.739709e-09
0.135 9.394829e-09
0.16 1.086106e-08
0.185 1.235964e-08
0.21 1.38642e-08
0.24 1.573869e-08
0.265 1.715846e-08
0.29 1.888276e-08
0.315 2.039517e-08
0.34 2.180594e-08
0.37 2.36954e-08
0.395 2.51865e-08
0.42 2.663147e-08
0.445 2.830237e-08
0.47 2.978436e-08
0.5 3.147743e-08
0.525 3.312854e-08
0.55 3.461774e-08
0.575 3.607503e-08
0.6 3.779229e-08
0.63 3.947362e-08
0.655 4.092176e-08
0.68 4.262626e-08
0.705 4.408131e-08
0.73 4.550805e-08
0.76 4.746583e-08
0.785 4.895437e-08
0.81 5.039066e-08
0.835 5.212032e-08
0.86 5.3609e-08
0.89 5.545297e-08
0.915 5.693082e-08
0.94 5.84241e-08
0.965 5.988883e-08
0.99 6.154298e-08
1.02 6.326405e-08
1.045 6.498739e-08
1.07 6.638292e-08
1.095 6.793839e-08
1.12 6.942959e-08
1.15 7.12635e-08
1.175 7.277862e-08
1.175 7.276706e-08
1.15 7.119901e-08
1.12 6.921158e-08
1.095 6.776602e-08
1.07 6.626119e-08
1.045 6.47293e-08
1.02 6.301935e-08
0.99 6.134731e-08
0.965 5.958244e-08
0.94 5.809748e-08
0.915 5.665234e-08
0.89 5.511305e-08
0.86 5.314086e-08
0.835 5.171805e-08
0.81 5.005179e-08
0.785 4.848821e-08
0.76 4.703033e-08
0.73 4.514407e-08
0.705 4.361244e-08
0.68 4.21495e-08
0.655 4.048077e-08
0.63 3.895365e-08
0.6 3.724844e-08
0.575 3.555665e-08
0.55 3.409684e-08
0.525 3.264812e-08
0.5 3.090172e-08
0.47 2.918109e-08
0.445 2.775505e-08
0.42 2.60798e-08
0.395 2.456e-08
0.37 2.311892e-08
0.34 2.123078e-08
0.315 1.974058e-08
0.29 1.822263e-08
0.265 1.658861e-08
0.24 1.509838e-08
0.21 1.319761e-08
0.185 1.174161e-08
0.16 1.030758e-08
0.135 8.808416e-09
0.11 7.084322e-09
0.08 5.437859e-09
0.055 3.776937e-09
0.03 2.278107e-09
0.005 7.998425e-10
-0.02 -1.477134e-09
-0.05 -3.110012e-09
-0.075 -4.841799e-09
-0.1 -6.264382e-09
