Thu May  7 11:00:16 2026
-0.1 -2.506978e-09
-0.075 -1.827061e-09
-0.05 -1.121093e-09
-0.02 -4.24848e-10
0.005 5.486256e-10
0.03 1.174937e-09
0.055 1.782272e-09
0.08 2.481087e-09
0.11 3.188192e-09
0.135 3.906995e-09
0.16 4.499557e-09
0.185 5.109844e-09
0.21 5.776801e-09
0.24 6.538861e-09
0.265 7.126338e-09
0.29 7.857334e-09
0.315 8.466951e-09
0.34 9.060648e-09
0.37 9.862973e-09
0.395 1.049206e-08
0.42 1.107597e-08
0.445 1.179638e-08
0.47 1.240714e-08
0.5 1.309977e-08
0.525 1.37948e-08
0.55 1.441846e-08
0.575 1.502944e-08
0.6 1.573861e-08
0.63 1.64214e-08
0.655 1.703828e-08
0.68 1.775126e-08
0.705 1.832683e-08
0.73 1.894656e-08
0.76 1.97471e-08
0.785 2.033391e-08
0.81 2.094254e-08
0.835 2.166666e-08
0.86 2.224493e-08
0.89 2.302475e-08
0.915 2.366542e-08
0.94 2.424356e-08
0.965 2.484566e-08
0.99 2.5572e-08
1.02 2.623396e-08
1.045 2.693303e-08
1.07 2.756946e-08
1.095 2.813947e-08
1.12 2.878326e-08
1.15 2.956761e-08
1.175 3.01318e-08
1.175 3.013836e-08
1.15 2.948509e-08
1.12 2.868571e-08
1.095 2.807554e-08
1.07 2.742556e-08
1.045 2.683212e-08
1.02 2.610421e-08
0.99 2.539606e-08
0.965 2.46775e-08
0.94 2.406835e-08
0.915 2.345777e-08
0.89 2.283065e-08
0.86 2.204143e-08
0.835 2.144562e-08
0.81 2.072118e-08
0.785 2.01274e-08
0.76 1.950188e-08
0.73 1.868892e-08
0.705 1.809681e-08
0.68 1.748373e-08
0.655 1.676894e-08
0.63 1.618413e-08
0.6 1.546108e-08
0.575 1.476395e-08
0.55 1.416207e-08
0.525 1.351595e-08
0.5 1.283953e-08
0.47 1.214727e-08
0.445 1.150105e-08
0.42 1.082737e-08
0.395 1.021223e-08
0.37 9.604244e-09
0.34 8.830606e-09
0.315 8.222248e-09
0.29 7.603941e-09
0.265 6.888158e-09
0.24 6.298082e-09
0.21 5.51262e-09
0.185 4.885133e-09
0.16 4.288241e-09
0.135 3.707244e-09
0.11 2.968789e-09
0.08 2.257856e-09
0.055 1.602719e-09
0.03 1.009943e-09
0.005 3.521565e-10
-0.02 -6.249597e-10
-0.05 -1.275671e-09
-0.075 -1.929241e-09
-0.1 -2.5635e-09
