Thu May  7 03:16:18 2026
-0.1 -5.450763e-09
-0.075 -4.054143e-09
-0.05 -2.52748e-09
-0.02 -1.00688e-09
0.005 1.050891e-09
0.03 2.378589e-09
0.055 3.688493e-09
0.08 5.18371e-09
0.11 6.683511e-09
0.135 8.182313e-09
0.16 9.498396e-09
0.185 1.081453e-08
0.21 1.212388e-08
0.24 1.382655e-08
0.265 1.510047e-08
0.29 1.662975e-08
0.315 1.796195e-08
0.34 1.925831e-08
0.37 2.095822e-08
0.395 2.225079e-08
0.42 2.358057e-08
0.445 2.507613e-08
0.47 2.637842e-08
0.5 2.789697e-08
0.525 2.938126e-08
0.55 3.067799e-08
0.575 3.199746e-08
0.6 3.350052e-08
0.63 3.502657e-08
0.655 3.633987e-08
0.68 3.783646e-08
0.705 3.917079e-08
0.73 4.045245e-08
0.76 4.216556e-08
0.785 4.348355e-08
0.81 4.476711e-08
0.835 4.628821e-08
0.86 4.759719e-08
0.89 4.933577e-08
0.915 5.061787e-08
0.94 5.191226e-08
0.965 5.324474e-08
0.99 5.477711e-08
1.02 5.624871e-08
1.045 5.777486e-08
1.07 5.910303e-08
1.095 6.044473e-08
1.12 6.175619e-08
1.15 6.347019e-08
1.175 6.478775e-08
1.175 6.477823e-08
1.15 6.335378e-08
1.12 6.164815e-08
1.095 6.029167e-08
1.07 5.891703e-08
1.045 5.75794e-08
1.02 5.605697e-08
0.99 5.45071e-08
0.965 5.299431e-08
0.94 5.16747e-08
0.915 5.028081e-08
0.89 4.896424e-08
0.86 4.727882e-08
0.835 4.59153e-08
0.81 4.439782e-08
0.785 4.30704e-08
0.76 4.172827e-08
0.73 4.003861e-08
0.705 3.870085e-08
0.68 3.738055e-08
0.655 3.584905e-08
0.63 3.455872e-08
0.6 3.299792e-08
0.575 3.151741e-08
0.55 3.018448e-08
0.525 2.884089e-08
0.5 2.736651e-08
0.47 2.583189e-08
0.445 2.449407e-08
0.42 2.302448e-08
0.395 2.168986e-08
0.37 2.038822e-08
0.34 1.87027e-08
0.315 1.73897e-08
0.29 1.604516e-08
0.265 1.45632e-08
0.24 1.323793e-08
0.21 1.156679e-08
0.185 1.025415e-08
0.16 8.941807e-09
0.135 7.623164e-09
0.11 6.123477e-09
0.08 4.629102e-09
0.055 3.157234e-09
0.03 1.807399e-09
0.005 5.442941e-10
-0.02 -1.502636e-09
-0.05 -2.991297e-09
-0.075 -4.475369e-09
-0.1 -5.77166e-09
