Thu May  7 00:42:23 2026
-0.1 -7.178244e-09
-0.075 -5.200645e-09
-0.05 -3.06418e-09
-0.02 -9.760729e-10
0.005 1.872032e-09
0.03 3.655198e-09
0.055 5.490508e-09
0.08 7.543189e-09
0.11 9.658851e-09
0.135 1.171666e-08
0.16 1.349707e-08
0.185 1.532479e-08
0.21 1.715033e-08
0.24 1.950021e-08
0.265 2.129016e-08
0.29 2.335977e-08
0.315 2.515163e-08
0.34 2.695127e-08
0.37 2.928179e-08
0.395 3.114051e-08
0.42 3.286392e-08
0.445 3.492334e-08
0.47 3.67605e-08
0.5 3.88365e-08
0.525 4.093038e-08
0.55 4.272323e-08
0.575 4.449158e-08
0.6 4.660253e-08
0.63 4.868945e-08
0.655 5.050788e-08
0.68 5.261653e-08
0.705 5.437438e-08
0.73 5.62025e-08
0.76 5.855614e-08
0.785 6.033869e-08
0.81 6.218377e-08
0.835 6.427156e-08
0.86 6.607851e-08
0.89 6.846362e-08
0.915 7.028145e-08
0.94 7.203496e-08
0.965 7.385835e-08
0.99 7.595428e-08
1.02 7.802038e-08
1.045 8.011171e-08
1.07 8.191083e-08
1.095 8.374291e-08
1.12 8.551416e-08
1.15 8.790243e-08
1.175 8.973387e-08
1.175 8.962687e-08
1.15 8.760068e-08
1.12 8.512779e-08
1.095 8.328546e-08
1.07 8.139403e-08
1.045 7.947336e-08
1.02 7.730594e-08
0.99 7.518745e-08
0.965 7.299359e-08
0.94 7.113727e-08
0.915 6.928016e-08
0.89 6.742251e-08
0.86 6.499629e-08
0.835 6.311804e-08
0.81 6.105014e-08
0.785 5.919212e-08
0.76 5.733971e-08
0.73 5.492986e-08
0.705 5.314032e-08
0.68 5.130363e-08
0.655 4.91981e-08
0.63 4.734829e-08
0.6 4.52463e-08
0.575 4.316909e-08
0.55 4.136194e-08
0.525 3.956088e-08
0.5 3.746386e-08
0.47 3.537362e-08
0.445 3.360464e-08
0.42 3.152524e-08
0.395 2.967089e-08
0.37 2.788864e-08
0.34 2.57477e-08
0.315 2.378885e-08
0.29 2.201253e-08
0.265 1.993389e-08
0.24 1.813331e-08
0.21 1.579851e-08
0.185 1.404368e-08
0.16 1.222772e-08
0.135 1.050035e-08
0.11 8.467991e-09
0.08 6.337616e-09
0.055 4.301253e-09
0.03 2.511435e-09
0.005 7.315899e-10
-0.02 -2.096785e-09
-0.05 -4.098202e-09
-0.075 -6.147215e-09
-0.1 -7.931481e-09
