Wed May  6 18:14:48 2026
-0.1 -7.569748e-08
-0.075 -5.532459e-08
-0.05 -3.284485e-08
-0.02 -1.038041e-08
0.005 2.092603e-08
0.03 3.999587e-08
0.055 5.93309e-08
0.08 8.142268e-08
0.11 1.035936e-07
0.135 1.258055e-07
0.16 1.450228e-07
0.185 1.639061e-07
0.21 1.833162e-07
0.24 2.081295e-07
0.265 2.272281e-07
0.29 2.483187e-07
0.315 2.680609e-07
0.34 2.883165e-07
0.37 3.124985e-07
0.395 3.327348e-07
0.42 3.517054e-07
0.445 3.739849e-07
0.47 3.917468e-07
0.5 4.163556e-07
0.525 4.38765e-07
0.55 4.590395e-07
0.575 4.776409e-07
0.6 5.000221e-07
0.63 5.229252e-07
0.655 5.438723e-07
0.68 5.664127e-07
0.705 5.880739e-07
0.73 6.082468e-07
0.76 6.335762e-07
0.785 6.536307e-07
0.81 6.742671e-07
0.835 6.971795e-07
0.86 7.181261e-07
0.89 7.450246e-07
0.915 7.649386e-07
0.94 7.849126e-07
0.965 8.048558e-07
0.99 8.308202e-07
1.02 8.510737e-07
1.045 8.794482e-07
1.07 8.988194e-07
1.095 9.188207e-07
1.12 9.392934e-07
1.15 9.669798e-07
1.175 9.868857e-07
1.175 9.870411e-07
1.15 9.678292e-07
1.12 9.417195e-07
1.095 9.222921e-07
1.07 9.032681e-07
1.045 8.83321e-07
1.02 8.600409e-07
0.99 8.374353e-07
0.965 8.147068e-07
0.94 7.934644e-07
0.915 7.735346e-07
0.89 7.530374e-07
0.86 7.273013e-07
0.835 7.069097e-07
0.81 6.832378e-07
0.785 6.633173e-07
0.76 6.433587e-07
0.73 6.172502e-07
0.705 5.966095e-07
0.68 5.744376e-07
0.655 5.516987e-07
0.63 5.312401e-07
0.6 5.083751e-07
0.575 4.852344e-07
0.55 4.646195e-07
0.525 4.433611e-07
0.5 4.207831e-07
0.47 3.97118e-07
0.445 3.775474e-07
0.42 3.536758e-07
0.395 3.34469e-07
0.37 3.145986e-07
0.34 2.890573e-07
0.315 2.694495e-07
0.29 2.496835e-07
0.265 2.27313e-07
0.24 2.072769e-07
0.21 1.821555e-07
0.185 1.624093e-07
0.16 1.428979e-07
0.135 1.233796e-07
0.11 1.012639e-07
0.08 7.904957e-08
0.055 5.705483e-08
0.03 3.738134e-08
0.005 1.816517e-08
-0.02 -1.318191e-08
-0.05 -3.518466e-08
-0.075 -5.415295e-08
-0.1 -7.294632e-08
