Thu May  7 05:15:51 2026
-0.1 -2.403708e-09
-0.075 -1.772441e-09
-0.05 -1.103e-09
-0.02 -3.872261e-10
0.005 6.000065e-10
0.03 1.150787e-09
0.055 1.725217e-09
0.08 2.440906e-09
0.11 3.162367e-09
0.135 3.835602e-09
0.16 4.374346e-09
0.185 5.013458e-09
0.21 5.639679e-09
0.24 6.388699e-09
0.265 6.987879e-09
0.29 7.696617e-09
0.315 8.250303e-09
0.34 8.802512e-09
0.37 9.605032e-09
0.395 1.02459e-08
0.42 1.080269e-08
0.445 1.148081e-08
0.47 1.211063e-08
0.5 1.275098e-08
0.525 1.340406e-08
0.55 1.402423e-08
0.575 1.457866e-08
0.6 1.531149e-08
0.63 1.59617e-08
0.655 1.653734e-08
0.68 1.72604e-08
0.705 1.787126e-08
0.73 1.840822e-08
0.76 1.922676e-08
0.785 1.984428e-08
0.81 2.039851e-08
0.835 2.109336e-08
0.86 2.169851e-08
0.89 2.245135e-08
0.915 2.305199e-08
0.94 2.364377e-08
0.965 2.423704e-08
0.99 2.48605e-08
1.02 2.559833e-08
1.045 2.625722e-08
1.07 2.682916e-08
1.095 2.745493e-08
1.12 2.807478e-08
1.15 2.879227e-08
1.175 2.941766e-08
1.175 2.937595e-08
1.15 2.873892e-08
1.12 2.796281e-08
1.095 2.734641e-08
1.07 2.669926e-08
1.045 2.612523e-08
1.02 2.543736e-08
0.99 2.470757e-08
0.965 2.403079e-08
0.94 2.34172e-08
0.915 2.279415e-08
0.89 2.219763e-08
0.86 2.144588e-08
0.835 2.082833e-08
0.81 2.013722e-08
0.785 1.955859e-08
0.76 1.891183e-08
0.73 1.813516e-08
0.705 1.756995e-08
0.68 1.692612e-08
0.655 1.619457e-08
0.63 1.564839e-08
0.6 1.496402e-08
0.575 1.427988e-08
0.55 1.366249e-08
0.525 1.30156e-08
0.5 1.238064e-08
0.47 1.170796e-08
0.445 1.110297e-08
0.42 1.043829e-08
0.395 9.865878e-09
0.37 9.235685e-09
0.34 8.414164e-09
0.315 7.879581e-09
0.29 7.345375e-09
0.265 6.609369e-09
0.24 5.948715e-09
0.21 5.241052e-09
0.185 4.712587e-09
0.16 4.053486e-09
0.135 3.407146e-09
0.11 2.795012e-09
0.08 2.145552e-09
0.055 1.430786e-09
0.03 7.87136e-10
0.005 2.497348e-10
-0.02 -6.241203e-10
-0.05 -1.341072e-09
-0.075 -2.024487e-09
-0.1 -2.562708e-09
