Wed May  6 20:12:11 2026
-0.1 -2.839681e-08
-0.075 -2.139466e-08
-0.05 -1.361615e-08
-0.02 -5.892976e-09
0.005 4.714297e-09
0.03 1.129398e-08
0.055 1.795821e-08
0.08 2.56019e-08
0.11 3.322189e-08
0.135 4.087589e-08
0.16 4.753063e-08
0.185 5.410336e-08
0.21 6.077288e-08
0.24 6.938558e-08
0.265 7.59893e-08
0.29 8.358904e-08
0.315 9.021383e-08
0.34 9.694193e-08
0.37 1.054463e-07
0.395 1.12081e-07
0.42 1.187216e-07
0.445 1.262636e-07
0.47 1.328458e-07
0.5 1.404108e-07
0.525 1.480205e-07
0.55 1.545363e-07
0.575 1.61264e-07
0.6 1.68829e-07
0.63 1.764124e-07
0.655 1.830675e-07
0.68 1.906661e-07
0.705 1.973568e-07
0.73 2.040033e-07
0.76 2.12554e-07
0.785 2.191095e-07
0.81 2.257757e-07
0.835 2.332955e-07
0.86 2.399355e-07
0.89 2.484275e-07
0.915 2.549408e-07
0.94 2.615325e-07
0.965 2.682248e-07
0.99 2.759531e-07
1.02 2.834537e-07
1.045 2.91018e-07
1.07 2.977588e-07
1.095 3.042912e-07
1.12 3.109514e-07
1.15 3.195137e-07
1.175 3.260436e-07
1.175 3.257706e-07
1.15 3.18914e-07
1.12 3.10002e-07
1.095 3.032126e-07
1.07 2.964029e-07
1.045 2.89526e-07
1.02 2.817764e-07
0.99 2.739885e-07
0.965 2.662042e-07
0.94 2.594445e-07
0.915 2.527299e-07
0.89 2.458874e-07
0.86 2.373212e-07
0.835 2.305192e-07
0.81 2.228659e-07
0.785 2.161273e-07
0.76 2.094638e-07
0.73 2.008792e-07
0.705 1.942136e-07
0.68 1.875737e-07
0.655 1.798633e-07
0.63 1.731936e-07
0.6 1.65628e-07
0.575 1.579326e-07
0.55 1.512997e-07
0.525 1.447299e-07
0.5 1.370745e-07
0.47 1.295471e-07
0.445 1.229628e-07
0.42 1.153975e-07
0.395 1.087954e-07
0.37 1.021279e-07
0.34 9.363443e-08
0.315 8.710217e-08
0.29 8.044911e-08
0.265 7.296342e-08
0.24 6.640077e-08
0.21 5.785593e-08
0.185 5.134769e-08
0.16 4.478006e-08
0.135 3.820026e-08
0.11 3.069542e-08
0.08 2.320651e-08
0.055 1.56731e-08
0.03 9.131222e-09
0.005 2.586752e-09
-0.02 -7.864543e-09
-0.05 -1.528731e-08
-0.075 -2.280798e-08
-0.1 -2.934433e-08
