Wed May  6 21:31:53 2026
-0.1 -1.452193e-08
-0.075 -1.109039e-08
-0.05 -7.393371e-09
-0.02 -3.652104e-09
0.005 1.501016e-09
0.03 4.773766e-09
0.055 8.014189e-09
0.08 1.175036e-08
0.11 1.55106e-08
0.135 1.922068e-08
0.16 2.24656e-08
0.185 2.574751e-08
0.21 2.898108e-08
0.24 3.316936e-08
0.265 3.644695e-08
0.29 4.019212e-08
0.315 4.341023e-08
0.34 4.667755e-08
0.37 5.084364e-08
0.395 5.408204e-08
0.42 5.738889e-08
0.445 6.106562e-08
0.47 6.431269e-08
0.5 6.803085e-08
0.525 7.175785e-08
0.55 7.497579e-08
0.575 7.823988e-08
0.6 8.196306e-08
0.63 8.572059e-08
0.655 8.892435e-08
0.68 9.266036e-08
0.705 9.587955e-08
0.73 9.918067e-08
0.76 1.033544e-07
0.785 1.065587e-07
0.81 1.098325e-07
0.835 1.134955e-07
0.86 1.167778e-07
0.89 1.209976e-07
0.915 1.242064e-07
0.94 1.274338e-07
0.965 1.306248e-07
0.99 1.343621e-07
1.02 1.380924e-07
1.045 1.419559e-07
1.07 1.45127e-07
1.095 1.483305e-07
1.12 1.515565e-07
1.15 1.556941e-07
1.175 1.589467e-07
1.175 1.588654e-07
1.15 1.55448e-07
1.12 1.513224e-07
1.095 1.479332e-07
1.07 1.446602e-07
1.045 1.413333e-07
1.02 1.375237e-07
0.99 1.337506e-07
0.965 1.300287e-07
0.94 1.267378e-07
0.915 1.234074e-07
0.89 1.201938e-07
0.86 1.159317e-07
0.835 1.126218e-07
0.81 1.089397e-07
0.785 1.056585e-07
0.76 1.023618e-07
0.73 9.818869e-08
0.705 9.49314e-08
0.68 9.158929e-08
0.655 8.789922e-08
0.63 8.470008e-08
0.6 8.09486e-08
0.575 7.722289e-08
0.55 7.394191e-08
0.525 7.070982e-08
0.5 6.699142e-08
0.47 6.328212e-08
0.445 6.003937e-08
0.42 5.63399e-08
0.395 5.30715e-08
0.37 4.981748e-08
0.34 4.568889e-08
0.315 4.244962e-08
0.29 3.920115e-08
0.265 3.552e-08
0.24 3.225527e-08
0.21 2.808429e-08
0.185 2.480508e-08
0.16 2.156059e-08
0.135 1.836426e-08
0.11 1.470802e-08
0.08 1.102853e-08
0.055 7.331474e-09
0.03 4.062071e-09
0.005 8.933021e-10
-0.02 -4.166705e-09
-0.05 -7.83173e-09
-0.075 -1.152409e-08
-0.1 -1.476218e-08
