Wed May  6 18:54:40 2026
-0.1 -7.020451e-08
-0.075 -5.27329e-08
-0.05 -3.351235e-08
-0.02 -1.452829e-08
0.005 1.176742e-08
0.03 2.799916e-08
0.055 4.447829e-08
0.08 6.333651e-08
0.11 8.218167e-08
0.135 1.010056e-07
0.16 1.174561e-07
0.185 1.338766e-07
0.21 1.504365e-07
0.24 1.7168e-07
0.265 1.88203e-07
0.29 2.072217e-07
0.315 2.237167e-07
0.34 2.405907e-07
0.37 2.618009e-07
0.395 2.782494e-07
0.42 2.969174e-07
0.445 3.187268e-07
0.47 3.363575e-07
0.5 3.566482e-07
0.525 3.756354e-07
0.55 3.940088e-07
0.575 4.108233e-07
0.6 4.312519e-07
0.63 4.516714e-07
0.655 4.810929e-07
0.68 5.126745e-07
0.705 5.381652e-07
0.73 5.622891e-07
0.76 5.89289e-07
0.785 6.114212e-07
0.81 6.349972e-07
0.835 6.604301e-07
0.86 6.785833e-07
0.89 7.133265e-07
0.915 7.370491e-07
0.94 7.597092e-07
0.965 7.943414e-07
0.99 8.166397e-07
1.02 8.598565e-07
1.045 8.887422e-07
1.07 9.134434e-07
1.095 9.554622e-07
1.12 9.891264e-07
1.15 1.013858e-06
1.175 1.025825e-06
1.175 1.016895e-06
1.15 1.007009e-06
1.12 9.925109e-07
1.095 9.738742e-07
1.07 9.469964e-07
1.045 9.231041e-07
1.02 8.924611e-07
0.99 8.667168e-07
0.965 8.436652e-07
0.94 8.114935e-07
0.915 7.875399e-07
0.89 7.56106e-07
0.86 7.327856e-07
0.835 7.018467e-07
0.81 6.712002e-07
0.785 6.537745e-07
0.76 6.37491e-07
0.73 6.062706e-07
0.705 5.835238e-07
0.68 5.618522e-07
0.655 5.346624e-07
0.63 5.117554e-07
0.6 4.869971e-07
0.575 4.640222e-07
0.55 4.428129e-07
0.525 4.233077e-07
0.5 3.990796e-07
0.47 3.749668e-07
0.445 3.540966e-07
0.42 3.330052e-07
0.395 3.110855e-07
0.37 2.89599e-07
0.34 2.643369e-07
0.315 2.445051e-07
0.29 2.246537e-07
0.265 2.016457e-07
0.24 1.816842e-07
0.21 1.572811e-07
0.185 1.392963e-07
0.16 1.204822e-07
0.135 1.02268e-07
0.11 8.140638e-08
0.08 6.084144e-08
0.055 4.134166e-08
0.03 2.477266e-08
0.005 8.285628e-09
-0.02 -1.826842e-08
-0.05 -3.718349e-08
-0.075 -5.618215e-08
-0.1 -7.274807e-08
