Thu May  7 11:05:45 2026
-0.1 -1.129974e-09
-0.075 -8.550339e-10
-0.05 -5.509757e-10
-0.02 -2.226322e-10
0.005 1.461345e-10
0.03 3.620444e-10
0.055 6.608518e-10
0.08 9.781741e-10
0.11 1.219877e-09
0.135 1.481655e-09
0.16 1.766746e-09
0.185 2.042533e-09
0.21 2.262568e-09
0.24 2.593816e-09
0.265 2.86216e-09
0.29 3.123307e-09
0.315 3.348804e-09
0.34 3.641217e-09
0.37 3.923821e-09
0.395 4.158461e-09
0.42 4.456508e-09
0.445 4.739282e-09
0.47 4.958557e-09
0.5 5.274373e-09
0.525 5.556303e-09
0.55 5.782361e-09
0.575 6.06454e-09
0.6 6.301571e-09
0.63 6.628912e-09
0.655 6.859767e-09
0.68 7.122213e-09
0.705 7.403475e-09
0.73 7.694233e-09
0.76 7.962373e-09
0.785 8.250395e-09
0.81 8.517342e-09
0.835 8.748209e-09
0.86 9.022068e-09
0.89 9.358823e-09
0.915 9.565507e-09
0.94 9.826407e-09
0.965 1.008276e-08
0.99 1.035468e-08
1.02 1.064847e-08
1.045 1.094379e-08
1.07 1.116601e-08
1.095 1.143612e-08
1.12 1.169866e-08
1.15 1.19701e-08
1.175 1.224923e-08
1.175 1.224093e-08
1.15 1.193939e-08
1.12 1.161555e-08
1.095 1.138638e-08
1.07 1.109051e-08
1.045 1.083918e-08
1.02 1.054609e-08
0.99 1.020208e-08
0.965 9.973147e-09
0.94 9.698359e-09
0.915 9.4341e-09
0.89 9.231401e-09
0.86 8.933001e-09
0.835 8.622004e-09
0.81 8.354557e-09
0.785 8.153396e-09
0.76 7.848452e-09
0.73 7.539169e-09
0.705 7.322625e-09
0.68 7.019024e-09
0.655 6.7323e-09
0.63 6.510746e-09
0.6 6.18998e-09
0.575 5.960732e-09
0.55 5.648286e-09
0.525 5.416898e-09
0.5 5.181995e-09
0.47 4.807577e-09
0.445 4.615734e-09
0.42 4.36793e-09
0.395 4.044296e-09
0.37 3.803225e-09
0.34 3.520744e-09
0.315 3.235697e-09
0.29 2.977625e-09
0.265 2.736468e-09
0.24 2.451208e-09
0.21 2.057513e-09
0.185 1.880359e-09
0.16 1.679723e-09
0.135 1.369975e-09
0.11 1.098857e-09
0.08 8.656937e-10
0.055 4.997701e-10
0.03 2.392564e-10
0.005 3.104677e-11
-0.02 -3.335668e-10
-0.05 -6.582895e-10
-0.075 -8.945513e-10
-0.1 -1.194656e-09
