Thu May  7 05:14:45 2026
-0.1 -3.428084e-09
-0.075 -2.401139e-09
-0.05 -1.422378e-09
-0.02 -4.297303e-10
0.005 9.952593e-10
0.03 1.874765e-09
0.055 2.665864e-09
0.08 3.727663e-09
0.11 4.742452e-09
0.135 5.757828e-09
0.16 6.591897e-09
0.185 7.455794e-09
0.21 8.365434e-09
0.24 9.500268e-09
0.265 1.033092e-08
0.29 1.131601e-08
0.315 1.220642e-08
0.34 1.308033e-08
0.37 1.41332e-08
0.395 1.504558e-08
0.42 1.58859e-08
0.445 1.687264e-08
0.47 1.774306e-08
0.5 1.878679e-08
0.525 1.975323e-08
0.55 2.06192e-08
0.575 2.147384e-08
0.6 2.248432e-08
0.63 2.351264e-08
0.655 2.434164e-08
0.68 2.534136e-08
0.705 2.622847e-08
0.73 2.707939e-08
0.76 2.822589e-08
0.785 2.911112e-08
0.81 2.99413e-08
0.835 3.090625e-08
0.86 3.182484e-08
0.89 3.294295e-08
0.915 3.376541e-08
0.94 3.469454e-08
0.965 3.55396e-08
0.99 3.652091e-08
1.02 3.755385e-08
1.045 3.852304e-08
1.07 3.939408e-08
1.095 4.030555e-08
1.12 4.117307e-08
1.15 4.227879e-08
1.175 4.3164e-08
1.175 4.31449e-08
1.15 4.220062e-08
1.12 4.102393e-08
1.095 4.016564e-08
1.07 3.9247e-08
1.045 3.830381e-08
1.02 3.731795e-08
0.99 3.626413e-08
0.965 3.524689e-08
0.94 3.437473e-08
0.915 3.343363e-08
0.89 3.253307e-08
0.86 3.140518e-08
0.835 3.053344e-08
0.81 2.950964e-08
0.785 2.864584e-08
0.76 2.775238e-08
0.73 2.658614e-08
0.705 2.574629e-08
0.68 2.488899e-08
0.655 2.384868e-08
0.63 2.295407e-08
0.6 2.199283e-08
0.575 2.092992e-08
0.55 2.009987e-08
0.525 1.917748e-08
0.5 1.815511e-08
0.47 1.720376e-08
0.445 1.627066e-08
0.42 1.525124e-08
0.395 1.441745e-08
0.37 1.354529e-08
0.34 1.239247e-08
0.315 1.154318e-08
0.29 1.071832e-08
0.265 9.65766e-09
0.24 8.761786e-09
0.21 7.679203e-09
0.185 6.844842e-09
0.16 5.930865e-09
0.135 5.027208e-09
0.11 4.062533e-09
0.08 3.089524e-09
0.055 2.077718e-09
0.03 1.175742e-09
0.005 3.448774e-10
-0.02 -9.748115e-10
-0.05 -2.007146e-09
-0.075 -3.015999e-09
-0.1 -3.868293e-09
