Wed May  6 23:23:47 2026
-0.1 -1.278993e-08
-0.075 -9.664347e-09
-0.05 -6.175038e-09
-0.02 -2.67865e-09
0.005 2.045233e-09
0.03 5.069416e-09
0.055 8.065954e-09
0.08 1.149075e-08
0.11 1.496355e-08
0.135 1.846172e-08
0.16 2.143503e-08
0.185 2.447733e-08
0.21 2.751379e-08
0.24 3.136097e-08
0.265 3.435039e-08
0.29 3.784878e-08
0.315 4.081127e-08
0.34 4.384204e-08
0.37 4.771116e-08
0.395 5.074945e-08
0.42 5.372578e-08
0.445 5.715018e-08
0.47 6.01885e-08
0.5 6.364517e-08
0.525 6.707236e-08
0.55 7.007468e-08
0.575 7.31097e-08
0.6 7.656305e-08
0.63 8.003154e-08
0.655 8.302644e-08
0.68 8.64344e-08
0.705 8.952247e-08
0.73 9.25279e-08
0.76 9.633031e-08
0.785 9.941272e-08
0.81 1.024381e-07
0.835 1.058391e-07
0.86 1.087597e-07
0.89 1.127294e-07
0.915 1.157122e-07
0.94 1.187787e-07
0.965 1.21754e-07
0.99 1.252286e-07
1.02 1.286543e-07
1.045 1.320821e-07
1.07 1.351423e-07
1.095 1.381529e-07
1.12 1.410788e-07
1.15 1.450853e-07
1.175 1.480215e-07
1.175 1.478756e-07
1.15 1.448611e-07
1.12 1.408634e-07
1.095 1.377874e-07
1.07 1.347678e-07
1.045 1.316343e-07
1.02 1.280465e-07
0.99 1.245652e-07
0.965 1.211309e-07
0.94 1.180446e-07
0.915 1.150637e-07
0.89 1.120059e-07
0.86 1.080422e-07
0.835 1.050172e-07
0.81 1.015556e-07
0.785 9.852938e-08
0.76 9.547768e-08
0.73 9.16039e-08
0.705 8.86628e-08
0.68 8.55598e-08
0.655 8.208652e-08
0.63 7.906061e-08
0.6 7.562616e-08
0.575 7.213576e-08
0.55 6.918892e-08
0.525 6.610941e-08
0.5 6.260499e-08
0.47 5.921549e-08
0.445 5.619401e-08
0.42 5.272038e-08
0.395 4.9772e-08
0.37 4.681909e-08
0.34 4.288275e-08
0.315 3.984447e-08
0.29 3.68904e-08
0.265 3.344149e-08
0.24 3.042465e-08
0.21 2.658084e-08
0.185 2.361594e-08
0.16 2.056711e-08
0.135 1.755245e-08
0.11 1.418351e-08
0.08 1.082058e-08
0.055 7.335077e-09
0.03 4.248241e-09
0.005 1.352981e-09
-0.02 -3.33277e-09
-0.05 -6.737755e-09
-0.075 -1.018364e-08
-0.1 -1.309959e-08
