Thu May  7 03:14:07 2026
-0.1 -1.868086e-08
-0.075 -1.395306e-08
-0.05 -8.598651e-09
-0.02 -3.275785e-09
0.005 3.880458e-09
0.03 8.49248e-09
0.055 1.314313e-08
0.08 1.841372e-08
0.11 2.370497e-08
0.135 2.900934e-08
0.16 3.372091e-08
0.185 3.822556e-08
0.21 4.287674e-08
0.24 4.88336e-08
0.265 5.341537e-08
0.29 5.871367e-08
0.315 6.338622e-08
0.34 6.803844e-08
0.37 7.389778e-08
0.395 7.853365e-08
0.42 8.32522e-08
0.445 8.847289e-08
0.47 9.308226e-08
0.5 9.839859e-08
0.525 1.036661e-07
0.55 1.08282e-07
0.575 1.129271e-07
0.6 1.182446e-07
0.63 1.23502e-07
0.655 1.281535e-07
0.68 1.335624e-07
0.705 1.380531e-07
0.73 1.426888e-07
0.76 1.486712e-07
0.785 1.532653e-07
0.81 1.578834e-07
0.835 1.632617e-07
0.86 1.678165e-07
0.89 1.737848e-07
0.915 1.784471e-07
0.94 1.830882e-07
0.965 1.87694e-07
0.99 1.930031e-07
1.02 1.983401e-07
1.045 2.036312e-07
1.07 2.082781e-07
1.095 2.128973e-07
1.12 2.175438e-07
1.15 2.235497e-07
1.175 2.281784e-07
1.175 2.280747e-07
1.15 2.233536e-07
1.12 2.172812e-07
1.095 2.126016e-07
1.07 2.079186e-07
1.045 2.032246e-07
1.02 1.978096e-07
0.99 1.924622e-07
0.965 1.871225e-07
0.94 1.824722e-07
0.915 1.777869e-07
0.89 1.730978e-07
0.86 1.671054e-07
0.835 1.624201e-07
0.81 1.571346e-07
0.785 1.52518e-07
0.76 1.478396e-07
0.73 1.418171e-07
0.705 1.372077e-07
0.68 1.325239e-07
0.655 1.272278e-07
0.63 1.225864e-07
0.6 1.172295e-07
0.575 1.118853e-07
0.55 1.072356e-07
0.525 1.026215e-07
0.5 9.731396e-08
0.47 9.19885e-08
0.445 8.73528e-08
0.42 8.205027e-08
0.395 7.741801e-08
0.37 7.278592e-08
0.34 6.683938e-08
0.315 6.220039e-08
0.29 5.758838e-08
0.265 5.232993e-08
0.24 4.765505e-08
0.21 4.169397e-08
0.185 3.710471e-08
0.16 3.247623e-08
0.135 2.784964e-08
0.11 2.262841e-08
0.08 1.733411e-08
0.055 1.206745e-08
0.03 7.460939e-09
0.005 2.858511e-09
-0.02 -4.252441e-09
-0.05 -9.512301e-09
-0.075 -1.477069e-08
-0.1 -1.93652e-08
