Thu May  7 07:51:57 2026
-0.1 -1.594004e-09
-0.075 -1.193611e-09
-0.05 -7.526891e-10
-0.02 -2.81678e-10
0.005 2.881967e-10
0.03 6.544162e-10
0.055 1.030061e-09
0.08 1.464367e-09
0.11 1.920048e-09
0.135 2.352881e-09
0.16 2.711314e-09
0.185 3.093192e-09
0.21 3.472583e-09
0.24 3.962767e-09
0.265 4.357942e-09
0.29 4.780969e-09
0.315 5.136283e-09
0.34 5.492959e-09
0.37 5.9956e-09
0.395 6.373852e-09
0.42 6.7452e-09
0.445 7.169084e-09
0.47 7.555457e-09
0.5 7.987779e-09
0.525 8.393387e-09
0.55 8.792932e-09
0.575 9.156663e-09
0.6 9.585507e-09
0.63 1.001219e-08
0.655 1.038086e-08
0.68 1.080863e-08
0.705 1.119119e-08
0.73 1.15485e-08
0.76 1.204144e-08
0.785 1.241525e-08
0.81 1.27869e-08
0.835 1.321972e-08
0.86 1.358687e-08
0.89 1.409242e-08
0.915 1.444481e-08
0.94 1.482512e-08
0.965 1.520363e-08
0.99 1.562434e-08
1.02 1.605871e-08
1.045 1.650284e-08
1.07 1.685368e-08
1.095 1.723219e-08
1.12 1.760309e-08
1.15 1.80837e-08
1.175 1.846755e-08
1.175 1.846431e-08
1.15 1.803769e-08
1.12 1.754463e-08
1.095 1.717101e-08
1.07 1.6761e-08
1.045 1.642292e-08
1.02 1.594653e-08
0.99 1.551775e-08
0.965 1.50977e-08
0.94 1.470033e-08
0.915 1.43125e-08
0.89 1.395633e-08
0.86 1.346639e-08
0.835 1.307467e-08
0.81 1.264862e-08
0.785 1.225555e-08
0.76 1.19012e-08
0.73 1.140184e-08
0.705 1.102412e-08
0.68 1.064061e-08
0.655 1.020951e-08
0.63 9.841598e-09
0.6 9.406409e-09
0.575 8.960801e-09
0.55 8.599411e-09
0.525 8.203566e-09
0.5 7.798337e-09
0.47 7.363106e-09
0.445 6.989943e-09
0.42 6.566415e-09
0.395 6.167324e-09
0.37 5.809488e-09
0.34 5.333729e-09
0.315 4.942976e-09
0.29 4.561185e-09
0.265 4.146281e-09
0.24 3.768905e-09
0.21 3.276994e-09
0.185 2.908673e-09
0.16 2.54161e-09
0.135 2.151278e-09
0.11 1.735193e-09
0.08 1.309135e-09
0.055 8.700337e-10
0.03 5.050758e-10
0.005 1.241275e-10
-0.02 -4.453035e-10
-0.05 -8.73768e-10
-0.075 -1.323779e-09
-0.1 -1.680783e-09
