Thu May  7 05:55:42 2026
-0.1 -1.999362e-09
-0.075 -1.431219e-09
-0.05 -8.637512e-10
-0.02 -2.902633e-10
0.005 5.002784e-10
0.03 1.006414e-09
0.055 1.495716e-09
0.08 2.06661e-09
0.11 2.662967e-09
0.135 3.227929e-09
0.16 3.704524e-09
0.185 4.222314e-09
0.21 4.759041e-09
0.24 5.372057e-09
0.265 5.857782e-09
0.29 6.435619e-09
0.315 6.922945e-09
0.34 7.408091e-09
0.37 8.079549e-09
0.395 8.593342e-09
0.42 9.058915e-09
0.445 9.624389e-09
0.47 1.015227e-08
0.5 1.071497e-08
0.525 1.128329e-08
0.55 1.18162e-08
0.575 1.228004e-08
0.6 1.285757e-08
0.63 1.338392e-08
0.655 1.392741e-08
0.68 1.448553e-08
0.705 1.49614e-08
0.73 1.552809e-08
0.76 1.612553e-08
0.785 1.665217e-08
0.81 1.71746e-08
0.835 1.769132e-08
0.86 1.818767e-08
0.89 1.889115e-08
0.915 1.934414e-08
0.94 1.984723e-08
0.965 2.035857e-08
0.99 2.092045e-08
1.02 2.150425e-08
1.045 2.209324e-08
1.07 2.257473e-08
1.095 2.306274e-08
1.12 2.36074e-08
1.15 2.416565e-08
1.175 2.472349e-08
1.175 2.46938e-08
1.15 2.411358e-08
1.12 2.350644e-08
1.095 2.299619e-08
1.07 2.246871e-08
1.045 2.199851e-08
1.02 2.137027e-08
0.99 2.080239e-08
0.965 2.028172e-08
0.94 1.968517e-08
0.915 1.920469e-08
0.89 1.874172e-08
0.86 1.804883e-08
0.835 1.753867e-08
0.81 1.705113e-08
0.785 1.64579e-08
0.76 1.597433e-08
0.73 1.528772e-08
0.705 1.4741e-08
0.68 1.431408e-08
0.655 1.371011e-08
0.63 1.318799e-08
0.6 1.269983e-08
0.575 1.209392e-08
0.55 1.162502e-08
0.525 1.105611e-08
0.5 1.049086e-08
0.47 9.926432e-09
0.445 9.39623e-09
0.42 8.870869e-09
0.395 8.396544e-09
0.37 7.816386e-09
0.34 7.226427e-09
0.315 6.768595e-09
0.29 6.207427e-09
0.265 5.662826e-09
0.24 5.203186e-09
0.21 4.481899e-09
0.185 4.025007e-09
0.16 3.551819e-09
0.135 3.006589e-09
0.11 2.434934e-09
0.08 1.900019e-09
0.055 1.300004e-09
0.03 7.38071e-10
0.005 2.882383e-10
-0.02 -4.324668e-10
-0.05 -1.033308e-09
-0.075 -1.684611e-09
-0.1 -2.123301e-09
