Thu May  7 07:12:07 2026
-0.1 -1.988882e-09
-0.075 -1.45184e-09
-0.05 -8.885789e-10
-0.02 -3.844906e-10
0.005 3.474445e-10
0.03 8.384303e-10
0.055 1.300381e-09
0.08 1.809123e-09
0.11 2.367314e-09
0.135 2.914346e-09
0.16 3.359932e-09
0.185 3.818431e-09
0.21 4.314594e-09
0.24 4.919445e-09
0.265 5.337506e-09
0.29 5.906552e-09
0.315 6.334795e-09
0.34 6.785261e-09
0.37 7.425842e-09
0.395 7.873947e-09
0.42 8.321847e-09
0.445 8.884321e-09
0.47 9.368547e-09
0.5 9.874928e-09
0.525 1.042167e-08
0.55 1.092456e-08
0.575 1.134734e-08
0.6 1.191298e-08
0.63 1.238972e-08
0.655 1.286645e-08
0.68 1.338366e-08
0.705 1.385659e-08
0.73 1.434658e-08
0.76 1.491451e-08
0.785 1.541061e-08
0.81 1.588814e-08
0.835 1.63814e-08
0.86 1.685946e-08
0.89 1.752105e-08
0.915 1.792888e-08
0.94 1.839159e-08
0.965 1.886503e-08
0.99 1.939612e-08
1.02 1.990929e-08
1.045 2.04858e-08
1.07 2.093496e-08
1.095 2.138155e-08
1.12 2.188118e-08
1.15 2.246525e-08
1.175 2.296252e-08
1.175 2.290676e-08
1.15 2.240166e-08
1.12 2.179685e-08
1.095 2.13254e-08
1.07 2.084916e-08
1.045 2.036584e-08
1.02 1.979162e-08
0.99 1.924908e-08
0.965 1.873861e-08
0.94 1.825538e-08
0.915 1.777396e-08
0.89 1.732396e-08
0.86 1.670398e-08
0.835 1.622635e-08
0.81 1.569682e-08
0.785 1.523224e-08
0.76 1.474355e-08
0.73 1.414373e-08
0.705 1.367387e-08
0.68 1.318975e-08
0.655 1.266751e-08
0.63 1.220555e-08
0.6 1.16463e-08
0.575 1.111201e-08
0.55 1.064493e-08
0.525 1.019215e-08
0.5 9.656016e-09
0.47 9.121825e-09
0.445 8.654398e-09
0.42 8.128914e-09
0.395 7.650246e-09
0.37 7.180511e-09
0.34 6.579691e-09
0.315 6.126747e-09
0.29 5.650783e-09
0.265 5.120708e-09
0.24 4.637803e-09
0.21 4.052517e-09
0.185 3.579035e-09
0.16 3.133583e-09
0.135 2.657957e-09
0.11 2.129816e-09
0.08 1.586984e-09
0.055 1.056823e-09
0.03 5.924323e-10
0.005 1.285878e-10
-0.02 -5.935665e-10
-0.05 -1.126946e-09
-0.075 -1.637179e-09
-0.1 -2.124689e-09
