Thu May  7 01:25:31 2026
-0.1 -4.411815e-09
-0.075 -3.024035e-09
-0.05 -1.458784e-09
-0.02 1.444517e-10
0.005 2.306632e-09
0.03 3.628692e-09
0.055 4.977424e-09
0.08 6.589544e-09
0.11 8.181123e-09
0.135 9.722996e-09
0.16 1.102004e-08
0.185 1.244565e-08
0.21 1.384835e-08
0.24 1.558071e-08
0.265 1.696633e-08
0.29 1.85759e-08
0.315 1.990869e-08
0.34 2.126185e-08
0.37 2.307314e-08
0.395 2.441574e-08
0.42 2.575604e-08
0.445 2.738946e-08
0.47 2.877136e-08
0.5 3.030486e-08
0.525 3.18926e-08
0.55 3.326758e-08
0.575 3.460379e-08
0.6 3.623438e-08
0.63 3.774058e-08
0.655 3.914467e-08
0.68 4.075925e-08
0.705 4.2108e-08
0.73 4.349633e-08
0.76 4.52713e-08
0.785 4.659763e-08
0.81 4.794881e-08
0.835 4.959008e-08
0.86 5.094334e-08
0.89 5.269695e-08
0.915 5.412573e-08
0.94 5.550884e-08
0.965 5.681586e-08
0.99 5.847005e-08
1.02 6.00949e-08
1.045 6.15936e-08
1.07 6.295912e-08
1.095 6.438061e-08
1.12 6.571635e-08
1.15 6.749001e-08
1.175 6.888339e-08
1.175 6.888104e-08
1.15 6.738934e-08
1.12 6.562482e-08
1.095 6.428284e-08
1.07 6.277125e-08
1.045 6.142421e-08
1.02 5.982503e-08
0.99 5.822993e-08
0.965 5.662174e-08
0.94 5.528214e-08
0.915 5.379706e-08
0.89 5.238376e-08
0.86 5.062236e-08
0.835 4.930309e-08
0.81 4.764364e-08
0.785 4.633243e-08
0.76 4.492124e-08
0.73 4.309829e-08
0.705 4.177999e-08
0.68 4.036959e-08
0.655 3.876166e-08
0.63 3.735024e-08
0.6 3.580479e-08
0.575 3.420018e-08
0.55 3.284067e-08
0.525 3.145269e-08
0.5 2.986026e-08
0.47 2.831986e-08
0.445 2.697488e-08
0.42 2.538111e-08
0.395 2.402959e-08
0.37 2.267247e-08
0.34 2.088557e-08
0.315 1.950522e-08
0.29 1.816175e-08
0.265 1.657194e-08
0.24 1.521581e-08
0.21 1.345851e-08
0.185 1.211317e-08
0.16 1.074047e-08
0.135 9.363614e-09
0.11 7.825258e-09
0.08 6.255859e-09
0.055 4.714516e-09
0.03 3.362794e-09
0.005 2.003576e-09
-0.02 -1.014295e-10
-0.05 -1.673919e-09
-0.075 -3.242242e-09
-0.1 -4.560584e-09
