Thu May  7 01:18:57 2026
-0.1 -1.671211e-08
-0.075 -1.257999e-08
-0.05 -7.941672e-09
-0.02 -3.271581e-09
0.005 2.977806e-09
0.03 7.01625e-09
0.055 1.108557e-08
0.08 1.574926e-08
0.11 2.035054e-08
0.135 2.496067e-08
0.16 2.904411e-08
0.185 3.305711e-08
0.21 3.712082e-08
0.24 4.232134e-08
0.265 4.637515e-08
0.29 5.097866e-08
0.315 5.501912e-08
0.34 5.908691e-08
0.37 6.421282e-08
0.395 6.826916e-08
0.42 7.23102e-08
0.445 7.688786e-08
0.47 8.09034e-08
0.5 8.55564e-08
0.525 9.014713e-08
0.55 9.415992e-08
0.575 9.81925e-08
0.6 1.028086e-07
0.63 1.074209e-07
0.655 1.114299e-07
0.68 1.160896e-07
0.705 1.201051e-07
0.73 1.240951e-07
0.76 1.292864e-07
0.785 1.333109e-07
0.81 1.373557e-07
0.835 1.419628e-07
0.86 1.459502e-07
0.89 1.511455e-07
0.915 1.551686e-07
0.94 1.591747e-07
0.965 1.632171e-07
0.99 1.678296e-07
1.02 1.724206e-07
1.045 1.770734e-07
1.07 1.811639e-07
1.095 1.851439e-07
1.12 1.892069e-07
1.15 1.94417e-07
1.175 1.983931e-07
1.175 1.983716e-07
1.15 1.942887e-07
1.12 1.890277e-07
1.095 1.849244e-07
1.07 1.808344e-07
1.045 1.767725e-07
1.02 1.72079e-07
0.99 1.674396e-07
0.965 1.627718e-07
0.94 1.587092e-07
0.915 1.546206e-07
0.89 1.505829e-07
0.86 1.45324e-07
0.835 1.413104e-07
0.81 1.366981e-07
0.785 1.325512e-07
0.76 1.285663e-07
0.73 1.233466e-07
0.705 1.193173e-07
0.68 1.152869e-07
0.655 1.106596e-07
0.63 1.065886e-07
0.6 1.019801e-07
0.575 9.732958e-08
0.55 9.332368e-08
0.525 8.926677e-08
0.5 8.461472e-08
0.47 7.999311e-08
0.445 7.598459e-08
0.42 7.138024e-08
0.395 6.732107e-08
0.37 6.330375e-08
0.34 5.815341e-08
0.315 5.411266e-08
0.29 5.007697e-08
0.265 4.547577e-08
0.24 4.143279e-08
0.21 3.628175e-08
0.185 3.225077e-08
0.16 2.824273e-08
0.135 2.421036e-08
0.11 1.960696e-08
0.08 1.503075e-08
0.055 1.039844e-08
0.03 6.380245e-09
0.005 2.387386e-09
-0.02 -3.821034e-09
-0.05 -8.395763e-09
-0.075 -1.297211e-08
-0.1 -1.69854e-08
