Thu May  7 03:52:52 2026
-0.1 -1.617613e-08
-0.075 -1.202706e-08
-0.05 -7.444739e-09
-0.02 -2.86845e-09
0.005 3.28991e-09
0.03 7.275575e-09
0.055 1.128631e-08
0.08 1.583488e-08
0.11 2.04284e-08
0.135 2.501578e-08
0.16 2.897837e-08
0.185 3.292314e-08
0.21 3.696106e-08
0.24 4.208494e-08
0.265 4.605657e-08
0.29 5.065942e-08
0.315 5.466161e-08
0.34 5.86326e-08
0.37 6.372662e-08
0.395 6.775133e-08
0.42 7.168912e-08
0.445 7.622541e-08
0.47 8.023295e-08
0.5 8.486493e-08
0.525 8.935701e-08
0.55 9.333007e-08
0.575 9.736198e-08
0.6 1.018985e-07
0.63 1.065232e-07
0.655 1.105249e-07
0.68 1.150767e-07
0.705 1.190954e-07
0.73 1.230721e-07
0.76 1.282272e-07
0.785 1.321879e-07
0.81 1.362081e-07
0.835 1.407581e-07
0.86 1.447642e-07
0.89 1.498872e-07
0.915 1.53901e-07
0.94 1.578958e-07
0.965 1.619343e-07
0.99 1.664874e-07
1.02 1.711041e-07
1.045 1.756711e-07
1.07 1.796841e-07
1.095 1.836669e-07
1.12 1.876653e-07
1.15 1.928633e-07
1.175 1.967995e-07
1.175 1.967248e-07
1.15 1.92631e-07
1.12 1.874201e-07
1.095 1.833861e-07
1.07 1.793669e-07
1.045 1.75278e-07
1.02 1.706407e-07
0.99 1.660459e-07
0.965 1.613987e-07
0.94 1.573874e-07
0.915 1.533738e-07
0.89 1.493497e-07
0.86 1.441253e-07
0.835 1.401613e-07
0.81 1.355618e-07
0.785 1.315184e-07
0.76 1.275022e-07
0.73 1.223108e-07
0.705 1.183341e-07
0.68 1.14318e-07
0.655 1.097424e-07
0.63 1.057448e-07
0.6 1.011458e-07
0.575 9.650653e-08
0.55 9.25415e-08
0.525 8.85165e-08
0.5 8.396621e-08
0.47 7.939068e-08
0.445 7.540966e-08
0.42 7.080411e-08
0.395 6.680418e-08
0.37 6.281632e-08
0.34 5.767087e-08
0.315 5.36869e-08
0.29 4.972146e-08
0.265 4.512712e-08
0.24 4.11453e-08
0.21 3.602268e-08
0.185 3.200546e-08
0.16 2.7991e-08
0.135 2.402822e-08
0.11 1.946479e-08
0.08 1.48865e-08
0.055 1.034688e-08
0.03 6.41584e-09
0.005 2.395126e-09
-0.02 -3.751548e-09
-0.05 -8.247654e-09
-0.075 -1.281986e-08
-0.1 -1.679638e-08
