Thu May  7 05:50:13 2026
-0.1 -6.278154e-09
-0.075 -4.699854e-09
-0.05 -2.930953e-09
-0.02 -1.136207e-09
0.005 1.248079e-09
0.03 2.767877e-09
0.055 4.326846e-09
0.08 6.090918e-09
0.11 7.813077e-09
0.135 9.619226e-09
0.16 1.116385e-08
0.185 1.271167e-08
0.21 1.424884e-08
0.24 1.620333e-08
0.265 1.775215e-08
0.29 1.951561e-08
0.315 2.103133e-08
0.34 2.257568e-08
0.37 2.455768e-08
0.395 2.608645e-08
0.42 2.759764e-08
0.445 2.935728e-08
0.47 3.089955e-08
0.5 3.266333e-08
0.525 3.43886e-08
0.55 3.592505e-08
0.575 3.745966e-08
0.6 3.922366e-08
0.63 4.100476e-08
0.655 4.250379e-08
0.68 4.426717e-08
0.705 4.578376e-08
0.73 4.732486e-08
0.76 4.92929e-08
0.785 5.078208e-08
0.81 5.231478e-08
0.835 5.405458e-08
0.86 5.557358e-08
0.89 5.754633e-08
0.915 5.906174e-08
0.94 6.05932e-08
0.965 6.212701e-08
0.99 6.387938e-08
1.02 6.560733e-08
1.045 6.740625e-08
1.07 6.890802e-08
1.095 7.045794e-08
1.12 7.197512e-08
1.15 7.394419e-08
1.175 7.548002e-08
1.175 7.541226e-08
1.15 7.382751e-08
1.12 7.181141e-08
1.095 7.027965e-08
1.07 6.871954e-08
1.045 6.712644e-08
1.02 6.538292e-08
0.99 6.359897e-08
0.965 6.182165e-08
0.94 6.028512e-08
0.915 5.873415e-08
0.89 5.717236e-08
0.86 5.521536e-08
0.835 5.366132e-08
0.81 5.187901e-08
0.785 5.036373e-08
0.76 4.886504e-08
0.73 4.685969e-08
0.705 4.533648e-08
0.68 4.379937e-08
0.655 4.201227e-08
0.63 4.048096e-08
0.6 3.874097e-08
0.575 3.695998e-08
0.55 3.545645e-08
0.525 3.391491e-08
0.5 3.213954e-08
0.47 3.039377e-08
0.445 2.887872e-08
0.42 2.711092e-08
0.395 2.559502e-08
0.37 2.406934e-08
0.34 2.208552e-08
0.315 2.057731e-08
0.29 1.901954e-08
0.265 1.726684e-08
0.24 1.576396e-08
0.21 1.380872e-08
0.185 1.226658e-08
0.16 1.076572e-08
0.135 9.22595e-09
0.11 7.475798e-09
0.08 5.712867e-09
0.055 3.989026e-09
0.03 2.47706e-09
0.005 9.27598e-10
-0.02 -1.448391e-09
-0.05 -3.166623e-09
-0.075 -4.856238e-09
-0.1 -6.413873e-09
