Thu May  7 07:46:29 2026
-0.1 -4.329417e-09
-0.075 -3.243426e-09
-0.05 -1.989724e-09
-0.02 -7.274802e-10
0.005 9.147203e-10
0.03 1.931198e-09
0.055 3.050265e-09
0.08 4.298053e-09
0.11 5.490134e-09
0.135 6.697317e-09
0.16 7.785082e-09
0.185 8.846455e-09
0.21 9.894997e-09
0.24 1.129183e-08
0.265 1.23726e-08
0.29 1.354385e-08
0.315 1.46371e-08
0.34 1.571801e-08
0.37 1.704243e-08
0.395 1.811639e-08
0.42 1.917756e-08
0.445 2.036709e-08
0.47 2.142425e-08
0.5 2.264982e-08
0.525 2.384891e-08
0.55 2.488992e-08
0.575 2.594284e-08
0.6 2.718209e-08
0.63 2.841252e-08
0.655 2.940884e-08
0.68 3.061851e-08
0.705 3.170729e-08
0.73 3.27277e-08
0.76 3.410088e-08
0.785 3.513378e-08
0.81 3.618237e-08
0.835 3.738485e-08
0.86 3.845865e-08
0.89 3.978835e-08
0.915 4.085086e-08
0.94 4.18998e-08
0.965 4.294266e-08
0.99 4.4154e-08
1.02 4.535034e-08
1.045 4.655089e-08
1.07 4.759666e-08
1.095 4.866081e-08
1.12 4.96828e-08
1.15 5.106155e-08
1.175 5.20829e-08
1.175 5.205575e-08
1.15 5.097299e-08
1.12 4.95866e-08
1.095 4.847294e-08
1.07 4.741803e-08
1.045 4.636167e-08
1.02 4.511659e-08
0.99 4.391196e-08
0.965 4.266806e-08
0.94 4.158435e-08
0.915 4.054e-08
0.89 3.944837e-08
0.86 3.807298e-08
0.835 3.705513e-08
0.81 3.580135e-08
0.785 3.475733e-08
0.76 3.370637e-08
0.73 3.232055e-08
0.705 3.127594e-08
0.68 3.021391e-08
0.655 2.898703e-08
0.63 2.791525e-08
0.6 2.673034e-08
0.575 2.54863e-08
0.55 2.445269e-08
0.525 2.337968e-08
0.5 2.216151e-08
0.47 2.099169e-08
0.445 1.991147e-08
0.42 1.870525e-08
0.395 1.76863e-08
0.37 1.658213e-08
0.34 1.524619e-08
0.315 1.421718e-08
0.29 1.313358e-08
0.265 1.192458e-08
0.24 1.090853e-08
0.21 9.505931e-09
0.185 8.460957e-09
0.16 7.427237e-09
0.135 6.347133e-09
0.11 5.122069e-09
0.08 3.953087e-09
0.055 2.768501e-09
0.03 1.699845e-09
0.005 6.314834e-10
-0.02 -9.718661e-10
-0.05 -2.159746e-09
-0.075 -3.376415e-09
-0.1 -4.409884e-09
