Thu May  7 03:15:12 2026
-0.1 -1.092458e-08
-0.075 -8.187071e-09
-0.05 -5.138198e-09
-0.02 -2.075702e-09
0.005 2.05037e-09
0.03 4.697605e-09
0.055 7.356502e-09
0.08 1.038073e-08
0.11 1.342161e-08
0.135 1.644942e-08
0.16 1.912731e-08
0.185 2.176316e-08
0.21 2.442797e-08
0.24 2.785125e-08
0.265 3.051607e-08
0.29 3.353188e-08
0.315 3.617233e-08
0.34 3.882351e-08
0.37 4.223047e-08
0.395 4.48356e-08
0.42 4.748319e-08
0.445 5.052672e-08
0.47 5.317159e-08
0.5 5.618019e-08
0.525 5.922255e-08
0.55 6.184679e-08
0.575 6.451049e-08
0.6 6.751831e-08
0.63 7.058493e-08
0.655 7.32089e-08
0.68 7.624169e-08
0.705 7.885244e-08
0.73 8.148288e-08
0.76 8.491009e-08
0.785 8.751643e-08
0.81 9.012722e-08
0.835 9.318413e-08
0.86 9.583017e-08
0.89 9.916848e-08
0.915 1.018188e-07
0.94 1.044631e-07
0.965 1.071097e-07
0.99 1.100148e-07
1.02 1.130982e-07
1.045 1.162063e-07
1.07 1.18787e-07
1.095 1.214829e-07
1.12 1.241121e-07
1.15 1.274804e-07
1.175 1.301285e-07
1.175 1.30047e-07
1.15 1.273737e-07
1.12 1.239245e-07
1.095 1.212412e-07
1.07 1.185884e-07
1.045 1.158806e-07
1.02 1.128085e-07
0.99 1.09691e-07
0.965 1.066985e-07
0.94 1.040605e-07
0.915 1.013487e-07
0.89 9.864993e-08
0.86 9.530097e-08
0.835 9.259809e-08
0.81 8.958138e-08
0.785 8.692796e-08
0.76 8.428039e-08
0.73 8.082849e-08
0.705 7.818976e-08
0.68 7.556706e-08
0.655 7.25217e-08
0.63 6.982901e-08
0.6 6.68449e-08
0.575 6.373966e-08
0.55 6.113353e-08
0.525 5.850579e-08
0.5 5.542482e-08
0.47 5.240638e-08
0.445 4.978562e-08
0.42 4.674331e-08
0.395 4.40842e-08
0.37 4.147615e-08
0.34 3.808092e-08
0.315 3.543092e-08
0.29 3.28241e-08
0.265 2.977307e-08
0.24 2.716554e-08
0.21 2.375231e-08
0.185 2.113205e-08
0.16 1.849728e-08
0.135 1.586144e-08
0.11 1.286515e-08
0.08 9.818267e-09
0.055 6.843499e-09
0.03 4.212679e-09
0.005 1.590313e-09
-0.02 -2.489773e-09
-0.05 -5.490107e-09
-0.075 -8.51314e-09
-0.1 -1.111834e-08
