Thu May  7 05:49:08 2026
-0.1 -1.020133e-08
-0.075 -7.57807e-09
-0.05 -4.651666e-09
-0.02 -1.734863e-09
0.005 2.176317e-09
0.03 4.711161e-09
0.055 7.228711e-09
0.08 1.014488e-08
0.11 1.302896e-08
0.135 1.592443e-08
0.16 1.846817e-08
0.185 2.097425e-08
0.21 2.349588e-08
0.24 2.677515e-08
0.265 2.927978e-08
0.29 3.217038e-08
0.315 3.469608e-08
0.34 3.724388e-08
0.37 4.045745e-08
0.395 4.301458e-08
0.42 4.552028e-08
0.445 4.839522e-08
0.47 5.093746e-08
0.5 5.381207e-08
0.525 5.668875e-08
0.55 5.920815e-08
0.575 6.172144e-08
0.6 6.463113e-08
0.63 6.750391e-08
0.655 7.001966e-08
0.68 7.293322e-08
0.705 7.54939e-08
0.73 7.799643e-08
0.76 8.124331e-08
0.785 8.378676e-08
0.81 8.633408e-08
0.835 8.91827e-08
0.86 9.171519e-08
0.89 9.496807e-08
0.915 9.750872e-08
0.94 1.000297e-07
0.965 1.025412e-07
0.99 1.054537e-07
1.02 1.083439e-07
1.045 1.112569e-07
1.07 1.138201e-07
1.095 1.163166e-07
1.12 1.188323e-07
1.15 1.221143e-07
1.175 1.246432e-07
1.175 1.245661e-07
1.15 1.219644e-07
1.12 1.186487e-07
1.095 1.160954e-07
1.07 1.134943e-07
1.045 1.109293e-07
1.02 1.079764e-07
0.99 1.05066e-07
0.965 1.021629e-07
0.94 9.959503e-08
0.915 9.701746e-08
0.89 9.447943e-08
0.86 9.125873e-08
0.835 8.866962e-08
0.81 8.574933e-08
0.785 8.322479e-08
0.76 8.0665e-08
0.73 7.74182e-08
0.705 7.487044e-08
0.68 7.233272e-08
0.655 6.94247e-08
0.63 6.690428e-08
0.6 6.396037e-08
0.575 6.105599e-08
0.55 5.852448e-08
0.525 5.600439e-08
0.5 5.309902e-08
0.47 5.018642e-08
0.445 4.765186e-08
0.42 4.478193e-08
0.395 4.221076e-08
0.37 3.968238e-08
0.34 3.646102e-08
0.315 3.3893e-08
0.29 3.141773e-08
0.265 2.852254e-08
0.24 2.597408e-08
0.21 2.271408e-08
0.185 2.020451e-08
0.16 1.768083e-08
0.135 1.516734e-08
0.11 1.228468e-08
0.08 9.385962e-09
0.055 6.503386e-09
0.03 3.976621e-09
0.005 1.46378e-09
-0.02 -2.426439e-09
-0.05 -5.27978e-09
-0.075 -8.178566e-09
-0.1 -1.069515e-08
