Thu May  7 01:59:53 2026
-0.1 -5.477057e-09
-0.075 -4.013487e-09
-0.05 -2.39348e-09
-0.02 -8.080296e-10
0.005 1.314099e-09
0.03 2.576406e-09
0.055 3.965249e-09
0.08 5.563231e-09
0.11 7.065055e-09
0.135 8.60938e-09
0.16 9.965647e-09
0.185 1.131871e-08
0.21 1.266867e-08
0.24 1.442171e-08
0.265 1.576683e-08
0.29 1.730979e-08
0.315 1.864865e-08
0.34 2.00098e-08
0.37 2.175544e-08
0.395 2.305682e-08
0.42 2.441521e-08
0.445 2.597154e-08
0.47 2.726803e-08
0.5 2.881358e-08
0.525 3.037805e-08
0.55 3.173072e-08
0.575 3.306558e-08
0.6 3.460318e-08
0.63 3.615388e-08
0.655 3.753426e-08
0.68 3.905416e-08
0.705 4.036646e-08
0.73 4.176431e-08
0.76 4.350715e-08
0.785 4.483164e-08
0.81 4.620492e-08
0.835 4.774591e-08
0.86 4.907426e-08
0.89 5.087415e-08
0.915 5.216413e-08
0.94 5.34797e-08
0.965 5.485252e-08
0.99 5.643688e-08
1.02 5.794974e-08
1.045 5.949853e-08
1.07 6.083059e-08
1.095 6.22097e-08
1.12 6.353385e-08
1.15 6.525526e-08
1.175 6.6627e-08
1.175 6.658696e-08
1.15 6.508073e-08
1.12 6.322639e-08
1.095 6.187648e-08
1.07 6.04827e-08
1.045 5.903104e-08
1.02 5.736679e-08
0.99 5.585285e-08
0.965 5.423896e-08
0.94 5.287281e-08
0.915 5.148688e-08
0.89 5.00598e-08
0.86 4.822921e-08
0.835 4.688393e-08
0.81 4.529361e-08
0.785 4.39451e-08
0.76 4.261099e-08
0.73 4.079505e-08
0.705 3.940819e-08
0.68 3.8069e-08
0.655 3.64765e-08
0.63 3.512195e-08
0.6 3.356131e-08
0.575 3.197904e-08
0.55 3.065979e-08
0.525 2.929194e-08
0.5 2.772401e-08
0.47 2.621628e-08
0.445 2.485782e-08
0.42 2.330629e-08
0.395 2.197594e-08
0.37 2.064288e-08
0.34 1.887402e-08
0.315 1.756385e-08
0.29 1.622032e-08
0.265 1.46927e-08
0.24 1.3321e-08
0.21 1.1615e-08
0.185 1.026357e-08
0.16 8.939855e-09
0.135 7.606823e-09
0.11 6.121458e-09
0.08 4.573852e-09
0.055 3.025563e-09
0.03 1.74125e-09
0.005 4.351805e-10
-0.02 -1.64867e-09
-0.05 -3.178612e-09
-0.075 -4.672323e-09
-0.1 -6.006323e-09
