Thu May  7 09:07:17 2026
-0.1 -1.994481e-09
-0.075 -1.447086e-09
-0.05 -7.89218e-10
-0.02 -1.432195e-10
0.005 6.396885e-10
0.03 1.121755e-09
0.055 1.701697e-09
0.08 2.328136e-09
0.11 2.867725e-09
0.135 3.441402e-09
0.16 3.998116e-09
0.185 4.513677e-09
0.21 4.998689e-09
0.24 5.707686e-09
0.265 6.238943e-09
0.29 6.798643e-09
0.315 7.314376e-09
0.34 7.882285e-09
0.37 8.520333e-09
0.395 9.035392e-09
0.42 9.568422e-09
0.445 1.012357e-08
0.47 1.064617e-08
0.5 1.124483e-08
0.525 1.1832e-08
0.55 1.234308e-08
0.575 1.2854e-08
0.6 1.34203e-08
0.63 1.406329e-08
0.655 1.455339e-08
0.68 1.514033e-08
0.705 1.567225e-08
0.73 1.619972e-08
0.76 1.687351e-08
0.785 1.739477e-08
0.81 1.791059e-08
0.835 1.850522e-08
0.86 1.904781e-08
0.89 1.973512e-08
0.915 2.01935e-08
0.94 2.076617e-08
0.965 2.127019e-08
0.99 2.187048e-08
1.02 2.249712e-08
1.045 2.307023e-08
1.07 2.360977e-08
1.095 2.416018e-08
1.12 2.461692e-08
1.15 2.534846e-08
1.175 2.586053e-08
1.175 2.576522e-08
1.15 2.525975e-08
1.12 2.454569e-08
1.095 2.401179e-08
1.07 2.351433e-08
1.045 2.292979e-08
1.02 2.232494e-08
0.99 2.174637e-08
0.965 2.110499e-08
0.94 2.057464e-08
0.915 2.008774e-08
0.89 1.948271e-08
0.86 1.880804e-08
0.835 1.834657e-08
0.81 1.766356e-08
0.785 1.714884e-08
0.76 1.66462e-08
0.73 1.592266e-08
0.705 1.542088e-08
0.68 1.489779e-08
0.655 1.426373e-08
0.63 1.376551e-08
0.6 1.315985e-08
0.575 1.254279e-08
0.55 1.202341e-08
0.525 1.14669e-08
0.5 1.086924e-08
0.47 1.028686e-08
0.445 9.749112e-09
0.42 9.137827e-09
0.395 8.636571e-09
0.37 8.100261e-09
0.34 7.413477e-09
0.315 6.898503e-09
0.29 6.392618e-09
0.265 5.771611e-09
0.24 5.277002e-09
0.21 4.597376e-09
0.185 4.061864e-09
0.16 3.527327e-09
0.135 3.051656e-09
0.11 2.454038e-09
0.08 1.83206e-09
0.055 1.233814e-09
0.03 7.214083e-10
0.005 2.002498e-10
-0.02 -6.28414e-10
-0.05 -1.199248e-09
-0.075 -1.79866e-09
-0.1 -2.310914e-09
