Wed May  6 23:29:15 2026
-0.1 -9.666708e-09
-0.075 -7.15108e-09
-0.05 -4.217807e-09
-0.02 -1.267805e-09
0.005 2.614071e-09
0.03 5.111123e-09
0.055 7.66557e-09
0.08 1.058077e-08
0.11 1.346244e-08
0.135 1.632453e-08
0.16 1.887998e-08
0.185 2.146199e-08
0.21 2.395309e-08
0.24 2.718751e-08
0.265 2.974273e-08
0.29 3.262579e-08
0.315 3.518085e-08
0.34 3.772671e-08
0.37 4.102272e-08
0.395 4.351222e-08
0.42 4.605231e-08
0.445 4.896817e-08
0.47 5.14674e-08
0.5 5.432146e-08
0.525 5.727496e-08
0.55 5.980241e-08
0.575 6.234357e-08
0.6 6.524395e-08
0.63 6.81247e-08
0.655 7.066108e-08
0.68 7.364169e-08
0.705 7.614799e-08
0.73 7.873385e-08
0.76 8.202927e-08
0.785 8.451742e-08
0.81 8.704852e-08
0.835 9.004859e-08
0.86 9.248468e-08
0.89 9.575474e-08
0.915 9.824039e-08
0.94 1.008658e-07
0.965 1.033864e-07
0.99 1.062767e-07
1.02 1.091155e-07
1.045 1.120799e-07
1.07 1.146228e-07
1.095 1.171822e-07
1.12 1.197402e-07
1.15 1.2295e-07
1.175 1.255232e-07
1.175 1.254242e-07
1.15 1.227675e-07
1.12 1.195865e-07
1.095 1.169206e-07
1.07 1.142947e-07
1.045 1.117445e-07
1.02 1.088641e-07
0.99 1.058032e-07
0.965 1.029027e-07
0.94 1.003718e-07
0.915 9.775836e-08
0.89 9.520503e-08
0.86 9.191363e-08
0.835 8.937428e-08
0.81 8.648777e-08
0.785 8.389947e-08
0.76 8.142125e-08
0.73 7.807475e-08
0.705 7.546992e-08
0.68 7.296924e-08
0.655 7.006994e-08
0.63 6.750356e-08
0.6 6.456791e-08
0.575 6.163296e-08
0.55 5.915179e-08
0.525 5.665711e-08
0.5 5.370417e-08
0.47 5.080758e-08
0.445 4.82944e-08
0.42 4.54021e-08
0.395 4.282042e-08
0.37 4.032437e-08
0.34 3.709037e-08
0.315 3.455497e-08
0.29 3.206134e-08
0.265 2.919437e-08
0.24 2.66539e-08
0.21 2.336382e-08
0.185 2.090769e-08
0.16 1.8416e-08
0.135 1.588769e-08
0.11 1.303625e-08
0.08 1.018745e-08
0.055 7.302549e-09
0.03 4.777471e-09
0.005 2.323969e-09
-0.02 -1.590216e-09
-0.05 -4.421667e-09
-0.075 -7.296556e-09
-0.1 -9.748627e-09
