Thu May  7 04:38:11 2026
-0.1 -2.251325e-09
-0.075 -1.600524e-09
-0.05 -9.043195e-10
-0.02 -2.407714e-10
0.005 7.077742e-10
0.03 1.315236e-09
0.055 1.906287e-09
0.08 2.615667e-09
0.11 3.30771e-09
0.135 4.004433e-09
0.16 4.586806e-09
0.185 5.175248e-09
0.21 5.794068e-09
0.24 6.602517e-09
0.265 7.165081e-09
0.29 7.83553e-09
0.315 8.454491e-09
0.34 9.06153e-09
0.37 9.807941e-09
0.395 1.041705e-08
0.42 1.103406e-08
0.445 1.170666e-08
0.47 1.227821e-08
0.5 1.299679e-08
0.525 1.36678e-08
0.55 1.425413e-08
0.575 1.487064e-08
0.6 1.554627e-08
0.63 1.624846e-08
0.655 1.683365e-08
0.68 1.752341e-08
0.705 1.81323e-08
0.73 1.873221e-08
0.76 1.950038e-08
0.785 2.010816e-08
0.81 2.069048e-08
0.835 2.138518e-08
0.86 2.197173e-08
0.89 2.277182e-08
0.915 2.3347e-08
0.94 2.395408e-08
0.965 2.457881e-08
0.99 2.524286e-08
1.02 2.59538e-08
1.045 2.664447e-08
1.07 2.722498e-08
1.095 2.784659e-08
1.12 2.845183e-08
1.15 2.921034e-08
1.175 2.978069e-08
1.175 2.987639e-08
1.15 2.91758e-08
1.12 2.836498e-08
1.095 2.776476e-08
1.07 2.713003e-08
1.045 2.653507e-08
1.02 2.583639e-08
0.99 2.512801e-08
0.965 2.441685e-08
0.94 2.382532e-08
0.915 2.321025e-08
0.89 2.2614e-08
0.86 2.183511e-08
0.835 2.118297e-08
0.81 2.048833e-08
0.785 1.993785e-08
0.76 1.929839e-08
0.73 1.85039e-08
0.705 1.792545e-08
0.68 1.735185e-08
0.655 1.662531e-08
0.63 1.6029e-08
0.6 1.53559e-08
0.575 1.463693e-08
0.55 1.408944e-08
0.525 1.343021e-08
0.5 1.2746e-08
0.47 1.20999e-08
0.445 1.146348e-08
0.42 1.074623e-08
0.395 1.015989e-08
0.37 9.572288e-09
0.34 8.762303e-09
0.315 8.196992e-09
0.29 7.608895e-09
0.265 6.896867e-09
0.24 6.283837e-09
0.21 5.526189e-09
0.185 4.915958e-09
0.16 4.299947e-09
0.135 3.725059e-09
0.11 3.052286e-09
0.08 2.338782e-09
0.055 1.646614e-09
0.03 1.072689e-09
0.005 4.98721e-10
-0.02 -4.649563e-10
-0.05 -1.174545e-09
-0.075 -1.816039e-09
-0.1 -2.434811e-09
