Wed May  6 18:13:43 2026
-0.1 -6.722964e-08
-0.075 -5.004834e-08
-0.05 -2.66883e-08
-0.02 -6.04317e-09
0.005 1.453676e-08
0.03 3.111473e-08
0.055 4.743582e-08
0.08 6.673701e-08
0.11 8.576343e-08
0.135 1.04617e-07
0.16 1.21204e-07
0.185 1.376916e-07
0.21 1.542199e-07
0.24 1.757489e-07
0.265 1.920912e-07
0.29 2.114152e-07
0.315 2.278686e-07
0.34 2.446102e-07
0.37 2.658371e-07
0.395 2.825954e-07
0.42 2.989399e-07
0.445 3.179777e-07
0.47 3.347471e-07
0.5 3.535237e-07
0.525 3.725449e-07
0.55 3.892195e-07
0.575 4.059082e-07
0.6 4.248739e-07
0.63 4.4387e-07
0.655 4.605246e-07
0.68 4.793608e-07
0.705 4.960434e-07
0.73 5.125948e-07
0.76 5.341769e-07
0.785 5.509563e-07
0.81 5.675109e-07
0.835 5.864426e-07
0.86 6.03046e-07
0.89 6.24303e-07
0.915 6.409758e-07
0.94 6.576699e-07
0.965 6.742366e-07
0.99 6.934328e-07
1.02 7.123193e-07
1.045 7.308989e-07
1.07 7.473698e-07
1.095 7.658933e-07
1.12 7.851799e-07
1.15 8.075107e-07
1.175 8.254857e-07
1.175 8.251645e-07
1.15 8.086806e-07
1.12 7.869049e-07
1.095 7.699056e-07
1.07 7.529663e-07
1.045 7.362357e-07
1.02 7.17038e-07
0.99 6.979351e-07
0.965 6.78536e-07
0.94 6.617531e-07
0.915 6.446485e-07
0.89 6.277984e-07
0.86 6.058444e-07
0.835 5.889093e-07
0.81 5.697702e-07
0.785 5.528425e-07
0.76 5.361399e-07
0.73 5.141943e-07
0.705 4.972508e-07
0.68 4.801166e-07
0.655 4.604859e-07
0.63 4.44024e-07
0.6 4.243975e-07
0.575 4.051797e-07
0.55 3.881643e-07
0.525 3.717606e-07
0.5 3.527618e-07
0.47 3.33999e-07
0.445 3.171359e-07
0.42 2.973467e-07
0.395 2.812043e-07
0.37 2.643872e-07
0.34 2.431813e-07
0.315 2.266623e-07
0.29 2.1041e-07
0.265 1.911257e-07
0.24 1.744529e-07
0.21 1.530239e-07
0.185 1.363483e-07
0.16 1.197151e-07
0.135 1.02909e-07
0.11 8.407867e-08
0.08 6.485612e-08
0.055 4.575629e-08
0.03 2.920209e-08
0.005 1.263111e-08
-0.02 -1.424117e-08
-0.05 -3.300647e-08
-0.075 -5.207018e-08
-0.1 -6.865214e-08
