Wed May  6 21:26:25 2026
-0.1 -4.374659e-08
-0.075 -3.314113e-08
-0.05 -2.128275e-08
-0.02 -9.435654e-09
0.005 6.900334e-09
0.03 1.727795e-08
0.055 2.767076e-08
0.08 3.944872e-08
0.11 5.130464e-08
0.135 6.316812e-08
0.16 7.346697e-08
0.185 8.384803e-08
0.21 9.426586e-08
0.24 1.076778e-07
0.265 1.179696e-07
0.29 1.297596e-07
0.315 1.401367e-07
0.34 1.50579e-07
0.37 1.637521e-07
0.395 1.741028e-07
0.42 1.844121e-07
0.445 1.963371e-07
0.47 2.066271e-07
0.5 2.183279e-07
0.525 2.303237e-07
0.55 2.405476e-07
0.575 2.508687e-07
0.6 2.627489e-07
0.63 2.745801e-07
0.655 2.849516e-07
0.68 2.966707e-07
0.705 3.06932e-07
0.73 3.173035e-07
0.76 3.306273e-07
0.785 3.408701e-07
0.81 3.511975e-07
0.835 3.629494e-07
0.86 3.733069e-07
0.89 3.866432e-07
0.915 3.967869e-07
0.94 4.069501e-07
0.965 4.173377e-07
0.99 4.292799e-07
1.02 4.408851e-07
1.045 4.526291e-07
1.07 4.630136e-07
1.095 4.735093e-07
1.12 4.837938e-07
1.15 4.970079e-07
1.175 5.072584e-07
1.175 5.071309e-07
1.15 4.965759e-07
1.12 4.83169e-07
1.095 4.727012e-07
1.07 4.62341e-07
1.045 4.520241e-07
1.02 4.398885e-07
0.99 4.279961e-07
0.965 4.161893e-07
0.94 4.059475e-07
0.915 3.95371e-07
0.89 3.850911e-07
0.86 3.717249e-07
0.835 3.613948e-07
0.81 3.495247e-07
0.785 3.390939e-07
0.76 3.288097e-07
0.73 3.153786e-07
0.705 3.051791e-07
0.68 2.948348e-07
0.655 2.829131e-07
0.63 2.726293e-07
0.6 2.608831e-07
0.575 2.488977e-07
0.55 2.385879e-07
0.525 2.282905e-07
0.5 2.164872e-07
0.47 2.047558e-07
0.445 1.943959e-07
0.42 1.825476e-07
0.395 1.72273e-07
0.37 1.619409e-07
0.34 1.487093e-07
0.315 1.384524e-07
0.29 1.281218e-07
0.265 1.163193e-07
0.24 1.059682e-07
0.21 9.279161e-08
0.185 8.25216e-08
0.16 7.223291e-08
0.135 6.182519e-08
0.11 5.018757e-08
0.08 3.837969e-08
0.055 2.659207e-08
0.03 1.630943e-08
0.005 6.009295e-09
-0.02 -1.011947e-08
-0.05 -2.185158e-08
-0.075 -3.356897e-08
-0.1 -4.385814e-08
