Wed May  6 18:55:46 2026
-0.1 -4.661649e-08
-0.075 -3.597501e-08
-0.05 -2.413836e-08
-0.02 -1.222766e-08
0.005 4.115984e-09
0.03 1.425608e-08
0.055 2.461536e-08
0.08 3.633261e-08
0.11 4.811189e-08
0.135 5.984954e-08
0.16 6.988738e-08
0.185 8.015947e-08
0.21 9.039717e-08
0.24 1.036322e-07
0.265 1.138136e-07
0.29 1.255078e-07
0.315 1.357389e-07
0.34 1.459252e-07
0.37 1.591416e-07
0.395 1.694415e-07
0.42 1.795489e-07
0.445 1.912762e-07
0.47 2.014812e-07
0.5 2.132507e-07
0.525 2.250336e-07
0.55 2.35214e-07
0.575 2.454807e-07
0.6 2.572125e-07
0.63 2.689795e-07
0.655 2.791766e-07
0.68 2.908826e-07
0.705 3.011744e-07
0.73 3.114169e-07
0.76 3.249028e-07
0.785 3.350114e-07
0.81 3.452693e-07
0.835 3.57061e-07
0.86 3.672492e-07
0.89 3.80484e-07
0.915 3.908792e-07
0.94 4.010277e-07
0.965 4.112817e-07
0.99 4.229919e-07
1.02 4.346831e-07
1.045 4.46749e-07
1.07 4.568694e-07
1.095 4.672149e-07
1.12 4.775334e-07
1.15 4.90738e-07
1.175 5.0119e-07
1.175 5.010327e-07
1.15 4.903629e-07
1.12 4.768715e-07
1.095 4.664093e-07
1.07 4.559334e-07
1.045 4.457191e-07
1.02 4.335071e-07
0.99 4.213474e-07
0.965 4.097633e-07
0.94 3.993189e-07
0.915 3.889774e-07
0.89 3.785644e-07
0.86 3.652155e-07
0.835 3.548074e-07
0.81 3.430594e-07
0.785 3.327282e-07
0.76 3.223458e-07
0.73 3.089785e-07
0.705 2.989012e-07
0.68 2.885099e-07
0.655 2.770342e-07
0.63 2.664084e-07
0.6 2.546318e-07
0.575 2.428784e-07
0.55 2.325859e-07
0.525 2.223652e-07
0.5 2.106279e-07
0.47 1.98859e-07
0.445 1.887315e-07
0.42 1.770292e-07
0.395 1.667852e-07
0.37 1.566368e-07
0.34 1.434565e-07
0.315 1.333694e-07
0.29 1.231283e-07
0.265 1.114547e-07
0.24 1.012568e-07
0.21 8.819092e-08
0.185 7.808649e-08
0.16 6.795983e-08
0.135 5.785157e-08
0.11 4.61882e-08
0.08 3.462126e-08
0.055 2.293335e-08
0.03 1.282277e-08
0.005 2.67308e-09
-0.02 -1.347695e-08
-0.05 -2.512973e-08
-0.075 -3.643816e-08
-0.1 -4.642018e-08
