Thu May  7 10:28:05 2026
-0.1 -9.965243e-10
-0.075 -6.891397e-10
-0.05 -4.442072e-10
-0.02 -1.701531e-10
0.005 2.602125e-10
0.03 5.255247e-10
0.055 7.890696e-10
0.08 1.041757e-09
0.11 1.309719e-09
0.135 1.638194e-09
0.16 1.894035e-09
0.185 2.132965e-09
0.21 2.403326e-09
0.24 2.735e-09
0.265 2.953562e-09
0.29 3.211133e-09
0.315 3.515027e-09
0.34 3.802263e-09
0.37 4.06993e-09
0.395 4.29283e-09
0.42 4.583725e-09
0.445 4.899698e-09
0.47 5.116752e-09
0.5 5.407728e-09
0.525 5.728082e-09
0.55 5.948025e-09
0.575 6.205886e-09
0.6 6.485472e-09
0.63 6.740097e-09
0.655 7.03663e-09
0.68 7.356848e-09
0.705 7.55484e-09
0.73 7.782573e-09
0.76 8.155618e-09
0.785 8.379606e-09
0.81 8.612474e-09
0.835 8.947627e-09
0.86 9.216225e-09
0.89 9.493365e-09
0.915 9.728415e-09
0.94 1.000134e-08
0.965 1.02508e-08
0.99 1.050757e-08
1.02 1.082611e-08
1.045 1.109954e-08
1.07 1.134783e-08
1.095 1.161464e-08
1.12 1.185655e-08
1.15 1.218071e-08
1.175 1.244929e-08
1.175 1.243145e-08
1.15 1.215519e-08
1.12 1.183098e-08
1.095 1.156349e-08
1.07 1.129542e-08
1.045 1.105745e-08
1.02 1.075528e-08
0.99 1.045424e-08
0.965 1.017147e-08
0.94 9.907422e-09
0.915 9.649225e-09
0.89 9.399954e-09
0.86 9.087384e-09
0.835 8.820517e-09
0.81 8.53121e-09
0.785 8.291904e-09
0.76 8.021124e-09
0.73 7.701956e-09
0.705 7.448546e-09
0.68 7.206636e-09
0.655 6.908381e-09
0.63 6.645544e-09
0.6 6.379465e-09
0.575 6.07099e-09
0.55 5.83778e-09
0.525 5.57672e-09
0.5 5.303957e-09
0.47 5.004193e-09
0.445 4.748891e-09
0.42 4.444019e-09
0.395 4.196426e-09
0.37 3.957119e-09
0.34 3.620602e-09
0.315 3.393464e-09
0.29 3.133157e-09
0.265 2.834433e-09
0.24 2.569625e-09
0.21 2.259123e-09
0.185 2.006561e-09
0.16 1.75345e-09
0.135 1.490031e-09
0.11 1.217608e-09
0.08 9.189688e-10
0.055 6.467981e-10
0.03 4.066076e-10
0.005 1.359516e-10
-0.02 -2.539017e-10
-0.05 -5.365414e-10
-0.075 -8.281857e-10
-0.1 -1.069625e-09
