Wed May  6 19:36:43 2026
-0.1 -5.435225e-08
-0.075 -4.187676e-08
-0.05 -2.798305e-08
-0.02 -1.404792e-08
0.005 5.109234e-09
0.03 1.710304e-08
0.055 2.926686e-08
0.08 4.31547e-08
0.11 5.706583e-08
0.135 7.087255e-08
0.16 8.296239e-08
0.185 9.501864e-08
0.21 1.073268e-07
0.24 1.229843e-07
0.265 1.351365e-07
0.29 1.491836e-07
0.315 1.612002e-07
0.34 1.732605e-07
0.37 1.889023e-07
0.395 2.010976e-07
0.42 2.131118e-07
0.445 2.274664e-07
0.47 2.394103e-07
0.5 2.537174e-07
0.525 2.675042e-07
0.55 2.798809e-07
0.575 2.917925e-07
0.6 3.061957e-07
0.63 3.201858e-07
0.655 3.324551e-07
0.68 3.467285e-07
0.705 3.58815e-07
0.73 3.709937e-07
0.76 3.868981e-07
0.785 3.995921e-07
0.81 4.122188e-07
0.835 4.257913e-07
0.86 4.384956e-07
0.89 4.54392e-07
0.915 4.665052e-07
0.94 4.786364e-07
0.965 4.909057e-07
0.99 5.056351e-07
1.02 5.193552e-07
1.045 5.336424e-07
1.07 5.460091e-07
1.095 5.582913e-07
1.12 5.708471e-07
1.15 5.869593e-07
1.175 5.990699e-07
1.175 5.985896e-07
1.15 5.861035e-07
1.12 5.70367e-07
1.095 5.575698e-07
1.07 5.45189e-07
1.045 5.323726e-07
1.02 5.178997e-07
0.99 5.037409e-07
0.965 4.896009e-07
0.94 4.769328e-07
0.915 4.645263e-07
0.89 4.519075e-07
0.86 4.359926e-07
0.835 4.235515e-07
0.81 4.092834e-07
0.785 3.969672e-07
0.76 3.846665e-07
0.73 3.687924e-07
0.705 3.56191e-07
0.68 3.438331e-07
0.655 3.297787e-07
0.63 3.17332e-07
0.6 3.031496e-07
0.575 2.892367e-07
0.55 2.770682e-07
0.525 2.647901e-07
0.5 2.507236e-07
0.47 2.368911e-07
0.445 2.24875e-07
0.42 2.107884e-07
0.395 1.986882e-07
0.37 1.865546e-07
0.34 1.708294e-07
0.315 1.58759e-07
0.29 1.467327e-07
0.265 1.328696e-07
0.24 1.20748e-07
0.21 1.052325e-07
0.185 9.31398e-08
0.16 8.117726e-08
0.135 6.914217e-08
0.11 5.541135e-08
0.08 4.176593e-08
0.055 2.801466e-08
0.03 1.600861e-08
0.005 4.023336e-09
-0.02 -1.496464e-08
-0.05 -2.853499e-08
-0.075 -4.223714e-08
-0.1 -5.412097e-08
