Wed May  6 20:15:28 2026
-0.1 -4.005367e-08
-0.075 -3.083564e-08
-0.05 -2.036927e-08
-0.02 -9.942792e-09
0.005 4.359443e-09
0.03 1.331762e-08
0.055 2.245419e-08
0.08 3.284815e-08
0.11 4.320667e-08
0.135 5.356915e-08
0.16 6.268144e-08
0.185 7.172206e-08
0.21 8.083351e-08
0.24 9.243638e-08
0.265 1.016318e-07
0.29 1.12029e-07
0.315 1.211268e-07
0.34 1.30249e-07
0.37 1.419455e-07
0.395 1.510545e-07
0.42 1.600894e-07
0.445 1.705129e-07
0.47 1.796347e-07
0.5 1.898676e-07
0.525 2.004527e-07
0.55 2.095343e-07
0.575 2.186849e-07
0.6 2.292017e-07
0.63 2.395343e-07
0.655 2.487531e-07
0.68 2.590618e-07
0.705 2.682084e-07
0.73 2.772926e-07
0.76 2.891703e-07
0.785 2.982202e-07
0.81 3.072926e-07
0.835 3.179092e-07
0.86 3.268894e-07
0.89 3.385075e-07
0.915 3.476363e-07
0.94 3.566352e-07
0.965 3.659264e-07
0.99 3.763266e-07
1.02 3.866099e-07
1.045 3.971934e-07
1.07 4.064133e-07
1.095 4.154651e-07
1.12 4.244998e-07
1.15 4.364904e-07
1.175 4.457106e-07
1.175 4.45262e-07
1.15 4.360942e-07
1.12 4.240588e-07
1.095 4.148039e-07
1.07 4.0555e-07
1.045 3.962751e-07
1.02 3.857064e-07
0.99 3.750687e-07
0.965 3.646993e-07
0.94 3.554819e-07
0.915 3.460013e-07
0.89 3.367896e-07
0.86 3.247353e-07
0.835 3.156258e-07
0.81 3.050593e-07
0.785 2.958783e-07
0.76 2.867591e-07
0.73 2.74923e-07
0.705 2.656514e-07
0.68 2.566574e-07
0.655 2.460959e-07
0.63 2.370689e-07
0.6 2.267158e-07
0.575 2.162326e-07
0.55 2.072215e-07
0.525 1.981415e-07
0.5 1.876128e-07
0.47 1.773368e-07
0.445 1.683001e-07
0.42 1.578907e-07
0.395 1.488545e-07
0.37 1.39719e-07
0.34 1.282351e-07
0.315 1.1913e-07
0.29 1.101695e-07
0.265 9.985342e-08
0.24 9.084464e-08
0.21 7.920219e-08
0.185 7.023225e-08
0.16 6.125605e-08
0.135 5.233097e-08
0.11 4.209456e-08
0.08 3.182394e-08
0.055 2.157672e-08
0.03 1.259437e-08
0.005 3.595779e-09
-0.02 -1.05202e-08
-0.05 -2.076043e-08
-0.075 -3.096429e-08
-0.1 -3.990753e-08
