Thu May  7 06:28:59 2026
-0.1 -5.59089e-09
-0.075 -4.162464e-09
-0.05 -2.581343e-09
-0.02 -9.894976e-10
0.005 1.136058e-09
0.03 2.526622e-09
0.055 3.903423e-09
0.08 5.485072e-09
0.11 7.059654e-09
0.135 8.623079e-09
0.16 1.00296e-08
0.185 1.140434e-08
0.21 1.277369e-08
0.24 1.456733e-08
0.265 1.592935e-08
0.29 1.750522e-08
0.315 1.886231e-08
0.34 2.021739e-08
0.37 2.202784e-08
0.395 2.338219e-08
0.42 2.476021e-08
0.445 2.632948e-08
0.47 2.768729e-08
0.5 2.926191e-08
0.525 3.082855e-08
0.55 3.219223e-08
0.575 3.353375e-08
0.6 3.513685e-08
0.63 3.669541e-08
0.655 3.805604e-08
0.68 3.962143e-08
0.705 4.097376e-08
0.73 4.231885e-08
0.76 4.410993e-08
0.785 4.547238e-08
0.81 4.678794e-08
0.835 4.840353e-08
0.86 4.975e-08
0.89 5.149779e-08
0.915 5.289435e-08
0.94 5.423551e-08
0.965 5.556796e-08
0.99 5.714799e-08
1.02 5.871403e-08
1.045 6.023925e-08
1.07 6.166945e-08
1.095 6.302106e-08
1.12 6.439791e-08
1.15 6.615688e-08
1.175 6.752245e-08
1.175 6.7414e-08
1.15 6.605884e-08
1.12 6.423596e-08
1.095 6.282464e-08
1.07 6.147559e-08
1.045 6.006288e-08
1.02 5.842001e-08
0.99 5.689259e-08
0.965 5.531287e-08
0.94 5.388693e-08
0.915 5.257273e-08
0.89 5.116122e-08
0.86 4.93982e-08
0.835 4.802953e-08
0.81 4.644523e-08
0.785 4.511064e-08
0.76 4.370555e-08
0.73 4.191594e-08
0.705 4.053627e-08
0.68 3.919009e-08
0.655 3.759272e-08
0.63 3.625651e-08
0.6 3.46638e-08
0.575 3.307851e-08
0.55 3.170149e-08
0.525 3.031154e-08
0.5 2.878278e-08
0.47 2.716825e-08
0.445 2.582413e-08
0.42 2.425178e-08
0.395 2.288767e-08
0.37 2.15112e-08
0.34 1.973931e-08
0.315 1.842599e-08
0.29 1.70233e-08
0.265 1.547212e-08
0.24 1.411464e-08
0.21 1.233001e-08
0.185 1.098913e-08
0.16 9.629701e-09
0.135 8.259597e-09
0.11 6.685604e-09
0.08 5.132482e-09
0.055 3.557993e-09
0.03 2.191206e-09
0.005 8.289192e-10
-0.02 -1.278535e-09
-0.05 -2.816136e-09
-0.075 -4.388334e-09
-0.1 -5.75604e-09
