Thu May  7 10:24:47 2026
-0.1 -1.68431e-09
-0.075 -1.176518e-09
-0.05 -6.501259e-10
-0.02 -1.567282e-10
0.005 5.426927e-10
0.03 9.667708e-10
0.055 1.432926e-09
0.08 1.964644e-09
0.11 2.44124e-09
0.135 2.948258e-09
0.16 3.388069e-09
0.185 3.772845e-09
0.21 4.256715e-09
0.24 4.811919e-09
0.265 5.244537e-09
0.29 5.752643e-09
0.315 6.152664e-09
0.34 6.611617e-09
0.37 7.170514e-09
0.395 7.582856e-09
0.42 8.021537e-09
0.445 8.540082e-09
0.47 8.943296e-09
0.5 9.434387e-09
0.525 9.95287e-09
0.55 1.036453e-08
0.575 1.081696e-08
0.6 1.132521e-08
0.63 1.178308e-08
0.655 1.223289e-08
0.68 1.273661e-08
0.705 1.314865e-08
0.73 1.359247e-08
0.76 1.416781e-08
0.785 1.457598e-08
0.81 1.501974e-08
0.835 1.551278e-08
0.86 1.594293e-08
0.89 1.652164e-08
0.915 1.693883e-08
0.94 1.737868e-08
0.965 1.783369e-08
0.99 1.833475e-08
1.02 1.881988e-08
1.045 1.934782e-08
1.07 1.977106e-08
1.095 2.019328e-08
1.12 2.064434e-08
1.15 2.120399e-08
1.175 2.163967e-08
1.175 2.159895e-08
1.15 2.11227e-08
1.12 2.0529e-08
1.095 2.007832e-08
1.07 1.961943e-08
1.045 1.917452e-08
1.02 1.864637e-08
0.99 1.812212e-08
0.965 1.761366e-08
0.94 1.715568e-08
0.915 1.672271e-08
0.89 1.625335e-08
0.86 1.568685e-08
0.835 1.524783e-08
0.81 1.471927e-08
0.785 1.429666e-08
0.76 1.38658e-08
0.73 1.32559e-08
0.705 1.284656e-08
0.68 1.242242e-08
0.655 1.188132e-08
0.63 1.145219e-08
0.6 1.097935e-08
0.575 1.043522e-08
0.55 1.003412e-08
0.525 9.558631e-09
0.5 9.083074e-09
0.47 8.57645e-09
0.445 8.123374e-09
0.42 7.587396e-09
0.395 7.17402e-09
0.37 6.784946e-09
0.34 6.17627e-09
0.315 5.73586e-09
0.29 5.325077e-09
0.265 4.811409e-09
0.24 4.381823e-09
0.21 3.845221e-09
0.185 3.398379e-09
0.16 2.96437e-09
0.135 2.507345e-09
0.11 2.04956e-09
0.08 1.557355e-09
0.055 1.03435e-09
0.03 5.917999e-10
0.005 1.719717e-10
-0.02 -4.890692e-10
-0.05 -9.928633e-10
-0.075 -1.541053e-09
-0.1 -1.924697e-09
