Thu May  7 10:21:30 2026
-0.1 -2.748291e-09
-0.075 -2.040559e-09
-0.05 -1.298354e-09
-0.02 -4.334334e-10
0.005 6.290827e-10
0.03 1.262884e-09
0.055 1.971042e-09
0.08 2.824582e-09
0.11 3.55719e-09
0.135 4.306422e-09
0.16 5.041759e-09
0.185 5.678003e-09
0.21 6.325434e-09
0.24 7.248742e-09
0.265 7.919462e-09
0.29 8.7018e-09
0.315 9.449516e-09
0.34 1.012994e-08
0.37 1.095991e-08
0.395 1.164978e-08
0.42 1.233856e-08
0.445 1.309162e-08
0.47 1.375078e-08
0.5 1.456988e-08
0.525 1.532828e-08
0.55 1.603371e-08
0.575 1.667276e-08
0.6 1.746952e-08
0.63 1.826897e-08
0.655 1.890452e-08
0.68 1.968433e-08
0.705 2.037054e-08
0.73 2.102813e-08
0.76 2.189152e-08
0.785 2.259858e-08
0.81 2.324114e-08
0.835 2.401554e-08
0.86 2.470405e-08
0.89 2.554479e-08
0.915 2.619973e-08
0.94 2.694136e-08
0.965 2.755957e-08
0.99 2.835378e-08
1.02 2.913147e-08
1.045 2.989407e-08
1.07 3.057761e-08
1.095 3.125396e-08
1.12 3.189406e-08
1.15 3.279141e-08
1.175 3.346743e-08
1.175 3.341659e-08
1.15 3.273442e-08
1.12 3.182948e-08
1.095 3.114888e-08
1.07 3.049209e-08
1.045 2.976306e-08
1.02 2.899677e-08
0.99 2.821497e-08
0.965 2.738582e-08
0.94 2.67407e-08
0.915 2.606386e-08
0.89 2.529903e-08
0.86 2.44562e-08
0.835 2.379003e-08
0.81 2.297509e-08
0.785 2.230573e-08
0.76 2.164811e-08
0.73 2.071466e-08
0.705 2.006948e-08
0.68 1.937102e-08
0.655 1.857352e-08
0.63 1.795591e-08
0.6 1.714915e-08
0.575 1.640862e-08
0.55 1.569786e-08
0.525 1.49927e-08
0.5 1.426168e-08
0.47 1.345598e-08
0.445 1.279113e-08
0.42 1.203205e-08
0.395 1.132495e-08
0.37 1.06763e-08
0.34 9.793631e-09
0.315 9.11767e-09
0.29 8.402394e-09
0.265 7.663058e-09
0.24 6.98802e-09
0.21 6.101199e-09
0.185 5.438528e-09
0.16 4.775475e-09
0.135 4.073584e-09
0.11 3.30189e-09
0.08 2.549722e-09
0.055 1.777012e-09
0.03 1.098394e-09
0.005 4.202405e-10
-0.02 -6.345544e-10
-0.05 -1.390139e-09
-0.075 -2.145008e-09
-0.1 -2.833423e-09
