Wed May  6 18:17:00 2026
-0.1 -7.01439e-08
-0.075 -5.399238e-08
-0.05 -3.638509e-08
-0.02 -1.866994e-08
0.005 6.228489e-09
0.03 2.146517e-08
0.055 3.695217e-08
0.08 5.417797e-08
0.11 7.154554e-08
0.135 8.907631e-08
0.16 1.043162e-07
0.185 1.197507e-07
0.21 1.350156e-07
0.24 1.545922e-07
0.265 1.70052e-07
0.29 1.871216e-07
0.315 2.024015e-07
0.34 2.178218e-07
0.37 2.373469e-07
0.395 2.525352e-07
0.42 2.678472e-07
0.445 2.854981e-07
0.47 3.002127e-07
0.5 3.181491e-07
0.525 3.357459e-07
0.55 3.510908e-07
0.575 3.663541e-07
0.6 3.842766e-07
0.63 4.020606e-07
0.655 4.188838e-07
0.68 4.365503e-07
0.705 4.520832e-07
0.73 4.675707e-07
0.76 4.903326e-07
0.785 5.062521e-07
0.81 5.220946e-07
0.835 5.404723e-07
0.86 5.560357e-07
0.89 5.760998e-07
0.915 5.918927e-07
0.94 6.083102e-07
0.965 6.240867e-07
0.99 6.405955e-07
1.02 6.591212e-07
1.045 6.773823e-07
1.07 6.925196e-07
1.095 7.087681e-07
1.12 7.242755e-07
1.15 7.446191e-07
1.175 7.590706e-07
1.175 7.585338e-07
1.15 7.430987e-07
1.12 7.229098e-07
1.095 7.070445e-07
1.07 6.920573e-07
1.045 6.765889e-07
1.02 6.586721e-07
0.99 6.405101e-07
0.965 6.223222e-07
0.94 6.065453e-07
0.915 5.904624e-07
0.89 5.745978e-07
0.86 5.492398e-07
0.835 5.372984e-07
0.81 5.203117e-07
0.785 5.044324e-07
0.76 4.889458e-07
0.73 4.688065e-07
0.705 4.530494e-07
0.68 4.37247e-07
0.655 4.21235e-07
0.63 4.072547e-07
0.6 3.826573e-07
0.575 3.66446e-07
0.55 3.50865e-07
0.525 3.351946e-07
0.5 3.17917e-07
0.47 3.001392e-07
0.445 2.843703e-07
0.42 2.665303e-07
0.395 2.518003e-07
0.37 2.358939e-07
0.34 2.159567e-07
0.315 2.007183e-07
0.29 1.854069e-07
0.265 1.67817e-07
0.24 1.521844e-07
0.21 1.325273e-07
0.185 1.172516e-07
0.16 1.019315e-07
0.135 8.676439e-08
0.11 6.95369e-08
0.08 5.207489e-08
0.055 3.463811e-08
0.03 1.947728e-08
0.005 4.374684e-09
-0.02 -1.987382e-08
-0.05 -3.69362e-08
-0.075 -5.447761e-08
-0.1 -6.936032e-08
