Thu May  7 11:42:19 2026
-0.1 -1.432642e-09
-0.075 -9.875999e-10
-0.05 -5.553086e-10
-0.02 -1.337076e-10
0.005 4.575652e-10
0.03 8.247081e-10
0.055 1.195175e-09
0.08 1.612939e-09
0.11 2.048421e-09
0.135 2.446199e-09
0.16 2.824072e-09
0.185 3.190542e-09
0.21 3.544514e-09
0.24 4.024557e-09
0.265 4.382112e-09
0.29 4.785142e-09
0.315 5.145302e-09
0.34 5.519349e-09
0.37 5.990722e-09
0.395 6.337658e-09
0.42 6.716379e-09
0.445 7.111509e-09
0.47 7.487031e-09
0.5 7.901307e-09
0.525 8.308678e-09
0.55 8.660288e-09
0.575 9.022679e-09
0.6 9.45387e-09
0.63 9.874452e-09
0.655 1.022723e-08
0.68 1.064437e-08
0.705 1.1002e-08
0.73 1.137219e-08
0.76 1.18536e-08
0.785 1.219576e-08
0.81 1.256743e-08
0.835 1.299735e-08
0.86 1.335096e-08
0.89 1.382848e-08
0.915 1.418448e-08
0.94 1.455934e-08
0.965 1.491053e-08
0.99 1.534656e-08
1.02 1.574244e-08
1.045 1.616095e-08
1.07 1.654223e-08
1.095 1.690208e-08
1.12 1.725282e-08
1.15 1.775723e-08
1.175 1.810895e-08
1.175 1.809974e-08
1.15 1.768141e-08
1.12 1.716262e-08
1.095 1.677711e-08
1.07 1.640835e-08
1.045 1.603614e-08
1.02 1.557942e-08
0.99 1.515684e-08
0.965 1.47241e-08
0.94 1.435666e-08
0.915 1.397805e-08
0.89 1.35859e-08
0.86 1.309203e-08
0.835 1.276026e-08
0.81 1.232664e-08
0.785 1.195372e-08
0.76 1.159765e-08
0.73 1.113944e-08
0.705 1.072744e-08
0.68 1.037702e-08
0.655 9.957721e-09
0.63 9.567222e-09
0.6 9.129555e-09
0.575 8.716333e-09
0.55 8.332739e-09
0.525 7.993494e-09
0.5 7.5602e-09
0.47 7.128635e-09
0.445 6.795403e-09
0.42 6.371669e-09
0.395 6.014535e-09
0.37 5.618483e-09
0.34 5.148957e-09
0.315 4.810727e-09
0.29 4.435842e-09
0.265 4.006845e-09
0.24 3.665029e-09
0.21 3.185955e-09
0.185 2.809596e-09
0.16 2.469681e-09
0.135 2.102239e-09
0.11 1.663646e-09
0.08 1.261282e-09
0.055 8.314405e-10
0.03 5.001907e-10
0.005 1.356142e-10
-0.02 -4.611242e-10
-0.05 -8.614309e-10
-0.075 -1.284252e-09
-0.1 -1.661287e-09
