Thu May  7 03:17:24 2026
-0.1 -4.032473e-09
-0.075 -2.941133e-09
-0.05 -1.785868e-09
-0.02 -6.692351e-10
0.005 8.542104e-10
0.03 1.865049e-09
0.055 2.842896e-09
0.08 3.949639e-09
0.11 5.09294e-09
0.135 6.208101e-09
0.16 7.182412e-09
0.185 8.173266e-09
0.21 9.109581e-09
0.24 1.040396e-08
0.265 1.140879e-08
0.29 1.250819e-08
0.315 1.347808e-08
0.34 1.447979e-08
0.37 1.57384e-08
0.395 1.675518e-08
0.42 1.773465e-08
0.445 1.885776e-08
0.47 1.982714e-08
0.5 2.095586e-08
0.525 2.209577e-08
0.55 2.303795e-08
0.575 2.403205e-08
0.6 2.511523e-08
0.63 2.629846e-08
0.655 2.72569e-08
0.68 2.840266e-08
0.705 2.940019e-08
0.73 3.037177e-08
0.76 3.168844e-08
0.785 3.26566e-08
0.81 3.362512e-08
0.835 3.477721e-08
0.86 3.577409e-08
0.89 3.706762e-08
0.915 3.803557e-08
0.94 3.902096e-08
0.965 4.00352e-08
0.99 4.116797e-08
1.02 4.229103e-08
1.045 4.344374e-08
1.07 4.443843e-08
1.095 4.540624e-08
1.12 4.64038e-08
1.15 4.766661e-08
1.175 4.865747e-08
1.175 4.865656e-08
1.15 4.762357e-08
1.12 4.626083e-08
1.095 4.522957e-08
1.07 4.424823e-08
1.045 4.317882e-08
1.02 4.198733e-08
0.99 4.086845e-08
0.965 3.969426e-08
0.94 3.859443e-08
0.915 3.765884e-08
0.89 3.666856e-08
0.86 3.529364e-08
0.835 3.434682e-08
0.81 3.322324e-08
0.785 3.217393e-08
0.76 3.121709e-08
0.73 2.993971e-08
0.705 2.888933e-08
0.68 2.79038e-08
0.655 2.675932e-08
0.63 2.576099e-08
0.6 2.462616e-08
0.575 2.349592e-08
0.55 2.247356e-08
0.525 2.147984e-08
0.5 2.035732e-08
0.47 1.923263e-08
0.445 1.825401e-08
0.42 1.71145e-08
0.395 1.613758e-08
0.37 1.512988e-08
0.34 1.385853e-08
0.315 1.288011e-08
0.29 1.192009e-08
0.265 1.078226e-08
0.24 9.776087e-09
0.21 8.539271e-09
0.185 7.598534e-09
0.16 6.57929e-09
0.135 5.568576e-09
0.11 4.497775e-09
0.08 3.411607e-09
0.055 2.247514e-09
0.03 1.238652e-09
0.005 3.040184e-10
-0.02 -1.165414e-09
-0.05 -2.323667e-09
-0.075 -3.470808e-09
-0.1 -4.390991e-09
