Thu May  7 09:05:05 2026
-0.1 -1.744708e-09
-0.075 -1.22067e-09
-0.05 -8.261699e-10
-0.02 -4.027975e-10
0.005 3.372614e-10
0.03 7.769529e-10
0.055 1.123984e-09
0.08 1.691554e-09
0.11 2.236949e-09
0.135 2.608433e-09
0.16 3.045386e-09
0.185 3.554719e-09
0.21 3.87074e-09
0.24 4.438479e-09
0.265 4.970491e-09
0.29 5.310028e-09
0.315 5.752041e-09
0.34 6.265751e-09
0.37 6.664501e-09
0.395 7.112722e-09
0.42 7.665785e-09
0.445 8.008814e-09
0.47 8.423052e-09
0.5 8.988772e-09
0.525 9.399055e-09
0.55 9.843534e-09
0.575 1.01769e-08
0.6 1.072276e-08
0.63 1.117805e-08
0.655 1.15232e-08
0.68 1.212329e-08
0.705 1.249805e-08
0.73 1.287766e-08
0.76 1.355732e-08
0.785 1.388257e-08
0.81 1.429675e-08
0.835 1.485427e-08
0.86 1.521742e-08
0.89 1.57624e-08
0.915 1.625662e-08
0.94 1.660091e-08
0.965 1.704763e-08
0.99 1.757351e-08
1.02 1.79586e-08
1.045 1.84759e-08
1.07 1.886435e-08
1.095 1.925702e-08
1.12 1.973642e-08
1.15 2.027354e-08
1.175 2.069834e-08
1.175 2.075155e-08
1.15 2.021822e-08
1.12 1.967549e-08
1.095 1.930908e-08
1.07 1.877656e-08
1.045 1.84022e-08
1.02 1.790827e-08
0.99 1.739141e-08
0.965 1.699058e-08
0.94 1.648936e-08
0.915 1.608051e-08
0.89 1.57238e-08
0.86 1.509441e-08
0.835 1.46905e-08
0.81 1.423437e-08
0.785 1.370427e-08
0.76 1.337121e-08
0.73 1.281289e-08
0.705 1.229898e-08
0.68 1.195426e-08
0.655 1.147619e-08
0.63 1.099792e-08
0.6 1.064625e-08
0.575 1.007951e-08
0.55 9.732272e-09
0.525 9.207505e-09
0.5 8.785905e-09
0.47 8.33557e-09
0.445 7.835406e-09
0.42 7.398117e-09
0.395 7.061774e-09
0.37 6.52315e-09
0.34 6.014199e-09
0.315 5.669143e-09
0.29 5.156871e-09
0.265 4.689823e-09
0.24 4.371486e-09
0.21 3.717486e-09
0.185 3.306997e-09
0.16 3.002674e-09
0.135 2.468644e-09
0.11 1.981022e-09
0.08 1.585054e-09
0.055 1.04378e-09
0.03 5.073477e-10
0.005 2.043315e-10
-0.02 -3.940439e-10
-0.05 -9.264154e-10
-0.075 -1.392208e-09
-0.1 -1.832835e-09
