Thu May  7 07:09:55 2026
-0.1 -1.835988e-09
-0.075 -1.317295e-09
-0.05 -7.507108e-10
-0.02 -2.942611e-10
0.005 4.124156e-10
0.03 8.825728e-10
0.055 1.286579e-09
0.08 1.774074e-09
0.11 2.342567e-09
0.135 2.897894e-09
0.16 3.27809e-09
0.185 3.744455e-09
0.21 4.218319e-09
0.24 4.739853e-09
0.265 5.159513e-09
0.29 5.715045e-09
0.315 6.129876e-09
0.34 6.574315e-09
0.37 7.183837e-09
0.395 7.656144e-09
0.42 8.059774e-09
0.445 8.577564e-09
0.47 9.054699e-09
0.5 9.559406e-09
0.525 1.008599e-08
0.55 1.053024e-08
0.575 1.095198e-08
0.6 1.15071e-08
0.63 1.198802e-08
0.655 1.243683e-08
0.68 1.299321e-08
0.705 1.338728e-08
0.73 1.385941e-08
0.76 1.448375e-08
0.785 1.489161e-08
0.81 1.534185e-08
0.835 1.589283e-08
0.86 1.629935e-08
0.89 1.690137e-08
0.915 1.735861e-08
0.94 1.779793e-08
0.965 1.827384e-08
0.99 1.88353e-08
1.02 1.928394e-08
1.045 1.982642e-08
1.07 2.028046e-08
1.095 2.070436e-08
1.12 2.119658e-08
1.15 2.177917e-08
1.175 2.22348e-08
1.175 2.225594e-08
1.15 2.173415e-08
1.12 2.112499e-08
1.095 2.071566e-08
1.07 2.020127e-08
1.045 1.974353e-08
1.02 1.921676e-08
0.99 1.867049e-08
0.965 1.815982e-08
0.94 1.770865e-08
0.915 1.722394e-08
0.89 1.676746e-08
0.86 1.620955e-08
0.835 1.570759e-08
0.81 1.519922e-08
0.785 1.475626e-08
0.76 1.427998e-08
0.73 1.368465e-08
0.705 1.324534e-08
0.68 1.277656e-08
0.655 1.227236e-08
0.63 1.182383e-08
0.6 1.127789e-08
0.575 1.077677e-08
0.55 1.03131e-08
0.525 9.866375e-09
0.5 9.339447e-09
0.47 8.806557e-09
0.445 8.370232e-09
0.42 7.869641e-09
0.395 7.407033e-09
0.37 6.953157e-09
0.34 6.38499e-09
0.315 5.914456e-09
0.29 5.460759e-09
0.265 4.967377e-09
0.24 4.501003e-09
0.21 3.922701e-09
0.185 3.487011e-09
0.16 3.082201e-09
0.135 2.609187e-09
0.11 2.07431e-09
0.08 1.587406e-09
0.055 1.073866e-09
0.03 6.314402e-10
0.005 1.823655e-10
-0.02 -4.966458e-10
-0.05 -9.978735e-10
-0.075 -1.511515e-09
-0.1 -1.955803e-09
