Thu May  7 10:20:25 2026
-0.1 -4.104499e-09
-0.075 -3.065271e-09
-0.05 -1.810185e-09
-0.02 -6.246653e-10
0.005 9.739647e-10
0.03 2.012827e-09
0.055 3.10067e-09
0.08 4.251631e-09
0.11 5.384708e-09
0.135 6.610478e-09
0.16 7.676705e-09
0.185 8.676974e-09
0.21 9.702121e-09
0.24 1.106502e-08
0.265 1.206294e-08
0.29 1.32177e-08
0.315 1.427797e-08
0.34 1.533123e-08
0.37 1.660321e-08
0.395 1.766041e-08
0.42 1.870751e-08
0.445 1.985993e-08
0.47 2.086199e-08
0.5 2.208598e-08
0.525 2.321982e-08
0.55 2.427593e-08
0.575 2.526338e-08
0.6 2.649454e-08
0.63 2.766391e-08
0.655 2.866348e-08
0.68 2.989134e-08
0.705 3.090632e-08
0.73 3.189793e-08
0.76 3.330418e-08
0.785 3.428465e-08
0.81 3.533564e-08
0.835 3.654213e-08
0.86 3.751427e-08
0.89 3.885798e-08
0.915 3.99159e-08
0.94 4.090488e-08
0.965 4.194533e-08
0.99 4.314734e-08
1.02 4.429384e-08
1.045 4.550114e-08
1.07 4.656034e-08
1.095 4.755102e-08
1.12 4.860532e-08
1.15 4.997113e-08
1.175 5.093369e-08
1.175 5.090903e-08
1.15 4.979173e-08
1.12 4.843745e-08
1.095 4.742738e-08
1.07 4.635536e-08
1.045 4.52463e-08
1.02 4.411969e-08
0.99 4.29018e-08
0.965 4.171031e-08
0.94 4.070692e-08
0.915 3.960194e-08
0.89 3.858358e-08
0.86 3.727738e-08
0.835 3.614779e-08
0.81 3.500243e-08
0.785 3.394964e-08
0.76 3.285045e-08
0.73 3.156806e-08
0.705 3.052605e-08
0.68 2.944274e-08
0.655 2.831329e-08
0.63 2.727131e-08
0.6 2.602984e-08
0.575 2.48824e-08
0.55 2.388606e-08
0.525 2.287426e-08
0.5 2.159165e-08
0.47 2.044841e-08
0.445 1.947424e-08
0.42 1.81965e-08
0.395 1.721205e-08
0.37 1.620946e-08
0.34 1.482685e-08
0.315 1.382474e-08
0.29 1.284616e-08
0.265 1.159325e-08
0.24 1.058944e-08
0.21 9.318345e-09
0.185 8.217165e-09
0.16 7.208092e-09
0.135 6.187169e-09
0.11 4.974518e-09
0.08 3.744863e-09
0.055 2.640695e-09
0.03 1.677201e-09
0.005 5.797223e-10
-0.02 -1.067143e-09
-0.05 -2.177372e-09
-0.075 -3.348076e-09
-0.1 -4.384492e-09
