Thu May  7 02:43:01 2026
-0.1 -3.081268e-09
-0.075 -2.062697e-09
-0.05 -8.857587e-10
-0.02 2.53985e-10
0.005 1.830332e-09
0.03 2.781038e-09
0.055 3.809295e-09
0.08 4.943761e-09
0.11 6.10748e-09
0.135 7.233496e-09
0.16 8.230947e-09
0.185 9.212719e-09
0.21 1.024327e-08
0.24 1.154633e-08
0.265 1.251251e-08
0.29 1.368517e-08
0.315 1.467127e-08
0.34 1.563826e-08
0.37 1.694552e-08
0.395 1.795471e-08
0.42 1.892666e-08
0.445 2.009733e-08
0.47 2.107341e-08
0.5 2.222911e-08
0.525 2.338769e-08
0.55 2.440111e-08
0.575 2.536758e-08
0.6 2.653562e-08
0.63 2.770724e-08
0.655 2.870194e-08
0.68 2.982362e-08
0.705 3.083344e-08
0.73 3.183863e-08
0.76 3.31394e-08
0.785 3.412665e-08
0.81 3.511441e-08
0.835 3.626747e-08
0.86 3.724489e-08
0.89 3.85428e-08
0.915 3.955644e-08
0.94 4.054967e-08
0.965 4.153814e-08
0.99 4.265805e-08
1.02 4.386944e-08
1.045 4.505444e-08
1.07 4.601928e-08
1.095 4.703556e-08
1.12 4.8065e-08
1.15 4.928585e-08
1.175 5.031768e-08
1.175 5.030309e-08
1.15 4.92233e-08
1.12 4.792678e-08
1.095 4.690365e-08
1.07 4.587463e-08
1.045 4.4891e-08
1.02 4.366544e-08
0.99 4.252523e-08
0.965 4.136281e-08
0.94 4.035845e-08
0.915 3.93123e-08
0.89 3.832415e-08
0.86 3.699856e-08
0.835 3.599138e-08
0.81 3.487688e-08
0.785 3.380613e-08
0.76 3.279545e-08
0.73 3.151716e-08
0.705 3.051314e-08
0.68 2.95173e-08
0.655 2.838215e-08
0.63 2.73706e-08
0.6 2.622783e-08
0.575 2.507966e-08
0.55 2.406877e-08
0.525 2.308223e-08
0.5 2.191675e-08
0.47 2.076931e-08
0.445 1.97692e-08
0.42 1.860205e-08
0.395 1.762673e-08
0.37 1.662071e-08
0.34 1.533774e-08
0.315 1.434009e-08
0.29 1.334215e-08
0.265 1.219173e-08
0.24 1.118654e-08
0.21 9.91535e-09
0.185 8.902452e-09
0.16 7.937566e-09
0.135 6.924663e-09
0.11 5.781731e-09
0.08 4.654167e-09
0.055 3.511709e-09
0.03 2.516479e-09
0.005 1.528409e-09
-0.02 -9.335449e-13
-0.05 -1.140372e-09
-0.075 -2.268447e-09
-0.1 -3.239546e-09
