Thu May  7 00:41:17 2026
-0.1 -9.636786e-09
-0.075 -7.284546e-09
-0.05 -4.567104e-09
-0.02 -1.934843e-09
0.005 1.588121e-09
0.03 3.859715e-09
0.055 6.191309e-09
0.08 8.836598e-09
0.11 1.142517e-08
0.135 1.402312e-08
0.16 1.63095e-08
0.185 1.862077e-08
0.21 2.089117e-08
0.24 2.383471e-08
0.265 2.614385e-08
0.29 2.874507e-08
0.315 3.100133e-08
0.34 3.331231e-08
0.37 3.624563e-08
0.395 3.850731e-08
0.42 4.081038e-08
0.445 4.345805e-08
0.47 4.573143e-08
0.5 4.837332e-08
0.525 5.0983e-08
0.55 5.327479e-08
0.575 5.558343e-08
0.6 5.819302e-08
0.63 6.080427e-08
0.655 6.309335e-08
0.68 6.569516e-08
0.705 6.795416e-08
0.73 7.027034e-08
0.76 7.322494e-08
0.785 7.548518e-08
0.81 7.779584e-08
0.835 8.041573e-08
0.86 8.26421e-08
0.89 8.563444e-08
0.915 8.79111e-08
0.94 9.018969e-08
0.965 9.246732e-08
0.99 9.509097e-08
1.02 9.774698e-08
1.045 1.004242e-07
1.07 1.02705e-07
1.095 1.049841e-07
1.12 1.072201e-07
1.15 1.101689e-07
1.175 1.124582e-07
1.175 1.124064e-07
1.15 1.100306e-07
1.12 1.070275e-07
1.095 1.046449e-07
1.07 1.023122e-07
1.045 1.000428e-07
1.02 9.732333e-08
0.99 9.464461e-08
0.965 9.201784e-08
0.94 8.971173e-08
0.915 8.735136e-08
0.89 8.50355e-08
0.86 8.208723e-08
0.835 7.977047e-08
0.81 7.711493e-08
0.785 7.480595e-08
0.76 7.248747e-08
0.73 6.951923e-08
0.705 6.725813e-08
0.68 6.493013e-08
0.655 6.229676e-08
0.63 6.000472e-08
0.6 5.738209e-08
0.575 5.473209e-08
0.55 5.243573e-08
0.525 5.013317e-08
0.5 4.75038e-08
0.47 4.485204e-08
0.445 4.260353e-08
0.42 3.999051e-08
0.395 3.76771e-08
0.37 3.539439e-08
0.34 3.246188e-08
0.315 3.019291e-08
0.29 2.790919e-08
0.265 2.526271e-08
0.24 2.301286e-08
0.21 2.004767e-08
0.185 1.779263e-08
0.16 1.552121e-08
0.135 1.32361e-08
0.11 1.062919e-08
0.08 8.014704e-09
0.055 5.413301e-09
0.03 3.128491e-09
0.005 8.628361e-10
-0.02 -2.687149e-09
-0.05 -5.287256e-09
-0.075 -7.870415e-09
-0.1 -1.012757e-08
