Thu May  7 07:13:12 2026
-0.1 -1.740413e-09
-0.075 -1.281648e-09
-0.05 -8.006225e-10
-0.02 -2.961971e-10
0.005 3.439936e-10
0.03 7.850307e-10
0.055 1.199599e-09
0.08 1.686294e-09
0.11 2.166297e-09
0.135 2.664437e-09
0.16 3.093017e-09
0.185 3.483396e-09
0.21 3.912941e-09
0.24 4.447138e-09
0.265 4.863854e-09
0.29 5.351727e-09
0.315 5.777822e-09
0.34 6.197525e-09
0.37 6.749235e-09
0.395 7.155809e-09
0.42 7.596217e-09
0.445 8.068188e-09
0.47 8.471512e-09
0.5 8.943224e-09
0.525 9.446706e-09
0.55 9.863165e-09
0.575 1.02684e-08
0.6 1.077731e-08
0.63 1.122707e-08
0.655 1.16555e-08
0.68 1.213438e-08
0.705 1.253952e-08
0.73 1.298963e-08
0.76 1.352524e-08
0.785 1.391503e-08
0.81 1.436447e-08
0.835 1.483277e-08
0.86 1.525805e-08
0.89 1.58147e-08
0.915 1.623909e-08
0.94 1.662765e-08
0.965 1.707701e-08
0.99 1.754673e-08
1.02 1.801515e-08
1.045 1.851141e-08
1.07 1.895978e-08
1.095 1.933883e-08
1.12 1.977264e-08
1.15 2.032564e-08
1.175 2.07636e-08
1.175 2.073352e-08
1.15 2.028816e-08
1.12 1.974065e-08
1.095 1.930719e-08
1.07 1.886944e-08
1.045 1.843042e-08
1.02 1.794726e-08
0.99 1.747971e-08
0.965 1.698452e-08
0.94 1.656279e-08
0.915 1.612467e-08
0.89 1.570955e-08
0.86 1.514862e-08
0.835 1.474386e-08
0.81 1.424631e-08
0.785 1.381904e-08
0.76 1.337538e-08
0.73 1.283726e-08
0.705 1.242355e-08
0.68 1.197375e-08
0.655 1.15085e-08
0.63 1.109859e-08
0.6 1.058235e-08
0.575 1.012204e-08
0.55 9.677602e-09
0.525 9.276663e-09
0.5 8.77284e-09
0.47 8.286785e-09
0.445 7.86889e-09
0.42 7.404156e-09
0.395 6.979236e-09
0.37 6.534041e-09
0.34 6.006696e-09
0.315 5.585019e-09
0.29 5.154164e-09
0.265 4.668347e-09
0.24 4.262411e-09
0.21 3.711668e-09
0.185 3.289361e-09
0.16 2.880389e-09
0.135 2.455891e-09
0.11 1.981565e-09
0.08 1.483848e-09
0.055 9.977419e-10
0.03 5.86414e-10
0.005 1.752539e-10
-0.02 -4.937842e-10
-0.05 -9.805753e-10
-0.075 -1.44443e-09
-0.1 -1.879965e-09
