Thu May  7 03:56:09 2026
-0.1 -3.627233e-09
-0.075 -2.64738e-09
-0.05 -1.643032e-09
-0.02 -6.41374e-10
0.005 7.380274e-10
0.03 1.56847e-09
0.055 2.435732e-09
0.08 3.440473e-09
0.11 4.445928e-09
0.135 5.417118e-09
0.16 6.2843e-09
0.185 7.159937e-09
0.21 8.024626e-09
0.24 9.132495e-09
0.265 9.99459e-09
0.29 1.102171e-08
0.315 1.186291e-08
0.34 1.272333e-08
0.37 1.385832e-08
0.395 1.472586e-08
0.42 1.557869e-08
0.445 1.658928e-08
0.47 1.745459e-08
0.5 1.846597e-08
0.525 1.946193e-08
0.55 2.03355e-08
0.575 2.121496e-08
0.6 2.222287e-08
0.63 2.321098e-08
0.655 2.410153e-08
0.68 2.511297e-08
0.705 2.596156e-08
0.73 2.684709e-08
0.76 2.798424e-08
0.785 2.884009e-08
0.81 2.972474e-08
0.835 3.071869e-08
0.86 3.159835e-08
0.89 3.274591e-08
0.915 3.363938e-08
0.94 3.45076e-08
0.965 3.538644e-08
0.99 3.638404e-08
1.02 3.737066e-08
1.045 3.842005e-08
1.07 3.92979e-08
1.095 4.016964e-08
1.12 4.103693e-08
1.15 4.220821e-08
1.175 4.306702e-08
1.175 4.303742e-08
1.15 4.213553e-08
1.12 4.093491e-08
1.095 4.002151e-08
1.07 3.913403e-08
1.045 3.822033e-08
1.02 3.715972e-08
0.99 3.614064e-08
0.965 3.511669e-08
0.94 3.42334e-08
0.915 3.333187e-08
0.89 3.244872e-08
0.86 3.128324e-08
0.835 3.036267e-08
0.81 2.938432e-08
0.785 2.849843e-08
0.76 2.758303e-08
0.73 2.645861e-08
0.705 2.559878e-08
0.68 2.470293e-08
0.655 2.371321e-08
0.63 2.280049e-08
0.6 2.178985e-08
0.575 2.077314e-08
0.55 1.989525e-08
0.525 1.89975e-08
0.5 1.80209e-08
0.47 1.701567e-08
0.445 1.612504e-08
0.42 1.514821e-08
0.395 1.424878e-08
0.37 1.335716e-08
0.34 1.224411e-08
0.315 1.137042e-08
0.29 1.0512e-08
0.265 9.499134e-09
0.24 8.660368e-09
0.21 7.516846e-09
0.185 6.655435e-09
0.16 5.794821e-09
0.135 4.955841e-09
0.11 3.939661e-09
0.08 2.963197e-09
0.055 1.961914e-09
0.03 1.113083e-09
0.005 2.448116e-10
-0.02 -1.10119e-09
-0.05 -2.083104e-09
-0.075 -3.052229e-09
-0.1 -3.926535e-09
