Wed May  6 19:34:32 2026
-0.1 -3.163133e-08
-0.075 -2.440784e-08
-0.05 -1.628569e-08
-0.02 -8.219628e-09
0.005 2.85155e-09
0.03 9.782545e-09
0.055 1.67951e-08
0.08 2.481692e-08
0.11 3.276689e-08
0.135 4.077339e-08
0.16 4.772238e-08
0.185 5.471167e-08
0.21 6.166969e-08
0.24 7.07273e-08
0.265 7.765603e-08
0.29 8.560485e-08
0.315 9.253829e-08
0.34 9.958406e-08
0.37 1.085209e-07
0.395 1.153736e-07
0.42 1.223211e-07
0.445 1.303574e-07
0.47 1.372063e-07
0.5 1.45186e-07
0.525 1.531915e-07
0.55 1.601474e-07
0.575 1.669524e-07
0.6 1.749634e-07
0.63 1.829087e-07
0.655 1.898925e-07
0.68 1.978576e-07
0.705 2.047608e-07
0.73 2.116017e-07
0.76 2.206606e-07
0.785 2.276289e-07
0.81 2.345084e-07
0.835 2.424301e-07
0.86 2.494134e-07
0.89 2.583012e-07
0.915 2.652766e-07
0.94 2.724042e-07
0.965 2.791763e-07
0.99 2.871345e-07
1.02 2.951619e-07
1.045 3.032704e-07
1.07 3.101512e-07
1.095 3.171713e-07
1.12 3.24074e-07
1.15 3.331776e-07
1.175 3.399918e-07
1.175 3.39817e-07
1.15 3.325139e-07
1.12 3.234405e-07
1.095 3.163896e-07
1.07 3.092943e-07
1.045 3.021433e-07
1.02 2.94042e-07
0.99 2.858906e-07
0.965 2.778389e-07
0.94 2.708281e-07
0.915 2.637356e-07
0.89 2.566369e-07
0.86 2.476066e-07
0.835 2.406272e-07
0.81 2.325394e-07
0.785 2.256224e-07
0.76 2.186781e-07
0.73 2.096536e-07
0.705 2.026644e-07
0.68 1.957431e-07
0.655 1.877277e-07
0.63 1.807192e-07
0.6 1.72703e-07
0.575 1.647783e-07
0.55 1.577918e-07
0.525 1.509271e-07
0.5 1.429563e-07
0.47 1.349711e-07
0.445 1.28139e-07
0.42 1.201244e-07
0.395 1.131889e-07
0.37 1.062627e-07
0.34 9.740844e-08
0.315 9.049131e-08
0.29 8.356631e-08
0.265 7.562753e-08
0.24 6.869652e-08
0.21 5.982218e-08
0.185 5.295235e-08
0.16 4.602817e-08
0.135 3.910859e-08
0.11 3.118235e-08
0.08 2.331458e-08
0.055 1.541492e-08
0.03 8.487503e-09
0.005 1.614412e-09
-0.02 -9.357082e-09
-0.05 -1.721158e-08
-0.075 -2.505313e-08
-0.1 -3.195217e-08
