Thu May  7 01:58:48 2026
-0.1 -7.316779e-09
-0.075 -5.518305e-09
-0.05 -3.479223e-09
-0.02 -1.452513e-09
0.005 1.279341e-09
0.03 2.99161e-09
0.055 4.743212e-09
0.08 6.734039e-09
0.11 8.729002e-09
0.135 1.071176e-08
0.16 1.243365e-08
0.185 1.418875e-08
0.21 1.592385e-08
0.24 1.816206e-08
0.265 1.990549e-08
0.29 2.187202e-08
0.315 2.360322e-08
0.34 2.535817e-08
0.37 2.75877e-08
0.395 2.931605e-08
0.42 3.104928e-08
0.445 3.302192e-08
0.47 3.477973e-08
0.5 3.675912e-08
0.525 3.87402e-08
0.55 4.046248e-08
0.575 4.217862e-08
0.6 4.419379e-08
0.63 4.619401e-08
0.655 4.791153e-08
0.68 4.993157e-08
0.705 5.165725e-08
0.73 5.338105e-08
0.76 5.56191e-08
0.785 5.734216e-08
0.81 5.903334e-08
0.835 6.105554e-08
0.86 6.280378e-08
0.89 6.500716e-08
0.915 6.673579e-08
0.94 6.848144e-08
0.965 7.021353e-08
0.99 7.221824e-08
1.02 7.421255e-08
1.045 7.622862e-08
1.07 7.79629e-08
1.095 7.970372e-08
1.12 8.144642e-08
1.15 8.36555e-08
1.175 8.54093e-08
1.175 8.536019e-08
1.15 8.356668e-08
1.12 8.121082e-08
1.095 7.944407e-08
1.07 7.766938e-08
1.045 7.591666e-08
1.02 7.380034e-08
0.99 7.183051e-08
0.965 6.977748e-08
0.94 6.800742e-08
0.915 6.624059e-08
0.89 6.45236e-08
0.86 6.223087e-08
0.835 6.047279e-08
0.81 5.846891e-08
0.785 5.672661e-08
0.76 5.498542e-08
0.73 5.267984e-08
0.705 5.0924e-08
0.68 4.91784e-08
0.655 4.717389e-08
0.63 4.544814e-08
0.6 4.344822e-08
0.575 4.143904e-08
0.55 3.971384e-08
0.525 3.795127e-08
0.5 3.59665e-08
0.47 3.398322e-08
0.445 3.222016e-08
0.42 3.026476e-08
0.395 2.852155e-08
0.37 2.677918e-08
0.34 2.456889e-08
0.315 2.283281e-08
0.29 2.109181e-08
0.265 1.911534e-08
0.24 1.738357e-08
0.21 1.515268e-08
0.185 1.344573e-08
0.16 1.17244e-08
0.135 9.975996e-09
0.11 7.999168e-09
0.08 6.010445e-09
0.055 4.069854e-09
0.03 2.31585e-09
0.005 6.069076e-10
-0.02 -2.076418e-09
-0.05 -4.032215e-09
-0.075 -6.011281e-09
-0.1 -7.730609e-09
