Wed May  6 21:30:48 2026
-0.1 -1.16074e-08
-0.075 -8.858846e-09
-0.05 -5.844416e-09
-0.02 -2.787226e-09
0.005 1.267601e-09
0.03 3.905823e-09
0.055 6.471385e-09
0.08 9.437961e-09
0.11 1.248019e-08
0.135 1.547802e-08
0.16 1.804877e-08
0.185 2.066586e-08
0.21 2.326893e-08
0.24 2.660428e-08
0.265 2.919355e-08
0.29 3.220612e-08
0.315 3.475848e-08
0.34 3.731722e-08
0.37 4.071827e-08
0.395 4.331979e-08
0.42 4.591182e-08
0.445 4.889182e-08
0.47 5.146931e-08
0.5 5.441674e-08
0.525 5.736333e-08
0.55 5.994497e-08
0.575 6.253495e-08
0.6 6.549273e-08
0.63 6.847427e-08
0.655 7.113385e-08
0.68 7.398306e-08
0.705 7.661134e-08
0.73 7.917932e-08
0.76 8.246819e-08
0.785 8.503673e-08
0.81 8.763541e-08
0.835 9.055525e-08
0.86 9.309552e-08
0.89 9.647145e-08
0.915 9.901664e-08
0.94 1.015251e-07
0.965 1.041739e-07
0.99 1.070841e-07
1.02 1.099794e-07
1.045 1.129577e-07
1.07 1.155456e-07
1.095 1.181139e-07
1.12 1.207335e-07
1.15 1.239724e-07
1.175 1.265568e-07
1.175 1.265401e-07
1.15 1.237729e-07
1.12 1.20381e-07
1.095 1.177431e-07
1.07 1.150128e-07
1.045 1.124947e-07
1.02 1.093884e-07
0.99 1.064064e-07
0.965 1.034555e-07
0.94 1.007772e-07
0.915 9.813488e-08
0.89 9.562081e-08
0.86 9.215392e-08
0.835 8.959267e-08
0.81 8.663342e-08
0.785 8.396488e-08
0.76 8.132114e-08
0.73 7.805425e-08
0.705 7.542121e-08
0.68 7.278916e-08
0.655 6.987943e-08
0.63 6.725183e-08
0.6 6.420917e-08
0.575 6.131211e-08
0.55 5.868794e-08
0.525 5.61546e-08
0.5 5.317698e-08
0.47 5.018439e-08
0.445 4.76421e-08
0.42 4.467728e-08
0.395 4.205461e-08
0.37 3.952693e-08
0.34 3.621652e-08
0.315 3.360209e-08
0.29 3.106545e-08
0.265 2.809905e-08
0.24 2.550184e-08
0.21 2.220188e-08
0.185 1.964906e-08
0.16 1.704503e-08
0.135 1.450053e-08
0.11 1.155356e-08
0.08 8.589712e-09
0.055 5.616494e-09
0.03 3.097181e-09
0.005 5.606196e-10
-0.02 -3.497025e-09
-0.05 -6.460031e-09
-0.075 -9.342509e-09
-0.1 -1.196502e-08
