Thu May  7 00:04:43 2026
-0.1 -6.592673e-09
-0.075 -4.892254e-09
-0.05 -2.989779e-09
-0.02 -1.107798e-09
0.005 1.442483e-09
0.03 3.058132e-09
0.055 4.705679e-09
0.08 6.582132e-09
0.11 8.431323e-09
0.135 1.027143e-08
0.16 1.192306e-08
0.185 1.353736e-08
0.21 1.514531e-08
0.24 1.725626e-08
0.265 1.887388e-08
0.29 2.07095e-08
0.315 2.2346e-08
0.34 2.397159e-08
0.37 2.603957e-08
0.395 2.765916e-08
0.42 2.929528e-08
0.445 3.112273e-08
0.47 3.273923e-08
0.5 3.459526e-08
0.525 3.644654e-08
0.55 3.804835e-08
0.575 3.968044e-08
0.6 4.152202e-08
0.63 4.338561e-08
0.655 4.498308e-08
0.68 4.683951e-08
0.705 4.84658e-08
0.73 5.005558e-08
0.76 5.211767e-08
0.785 5.371965e-08
0.81 5.52898e-08
0.835 5.719762e-08
0.86 5.879183e-08
0.89 6.086357e-08
0.915 6.246192e-08
0.94 6.408768e-08
0.965 6.571807e-08
0.99 6.75381e-08
1.02 6.936501e-08
1.045 7.122873e-08
1.07 7.282276e-08
1.095 7.446382e-08
1.12 7.604796e-08
1.15 7.811143e-08
1.175 7.979207e-08
1.175 7.966917e-08
1.15 7.790651e-08
1.12 7.575279e-08
1.095 7.41214e-08
1.07 7.242686e-08
1.045 7.076226e-08
1.02 6.88449e-08
0.99 6.693963e-08
0.965 6.506581e-08
0.94 6.34265e-08
0.915 6.171768e-08
0.89 6.00912e-08
0.86 5.803475e-08
0.835 5.634261e-08
0.81 5.444902e-08
0.785 5.284132e-08
0.76 5.117366e-08
0.73 4.904063e-08
0.705 4.745415e-08
0.68 4.580117e-08
0.655 4.395005e-08
0.63 4.234044e-08
0.6 4.045033e-08
0.575 3.856106e-08
0.55 3.692662e-08
0.525 3.532402e-08
0.5 3.347303e-08
0.47 3.157474e-08
0.445 2.995224e-08
0.42 2.81427e-08
0.395 2.650536e-08
0.37 2.488462e-08
0.34 2.28223e-08
0.315 2.120716e-08
0.29 1.958538e-08
0.265 1.776666e-08
0.24 1.610342e-08
0.21 1.401497e-08
0.185 1.244986e-08
0.16 1.082166e-08
0.135 9.208845e-09
0.11 7.381229e-09
0.08 5.547026e-09
0.055 3.686261e-09
0.03 2.10221e-09
0.005 4.771344e-10
-0.02 -2.043508e-09
-0.05 -3.878898e-09
-0.075 -5.706635e-09
-0.1 -7.324824e-09
