Thu May  7 09:48:13 2026
-0.1 -1.19083e-09
-0.075 -9.08905e-10
-0.05 -5.309445e-10
-0.02 -2.393403e-10
0.005 1.45714e-10
0.03 5.002771e-10
0.055 8.481914e-10
0.08 1.120952e-09
0.11 1.465291e-09
0.135 1.828773e-09
0.16 2.074139e-09
0.185 2.318624e-09
0.21 2.672428e-09
0.24 3.070968e-09
0.265 3.281152e-09
0.29 3.670855e-09
0.315 4.000596e-09
0.34 4.245323e-09
0.37 4.645839e-09
0.395 4.980963e-09
0.42 5.202301e-09
0.445 5.553706e-09
0.47 5.906205e-09
0.5 6.160548e-09
0.525 6.492387e-09
0.55 6.851944e-09
0.575 7.075434e-09
0.6 7.465136e-09
0.63 7.717399e-09
0.655 8.054547e-09
0.68 8.42855e-09
0.705 8.647153e-09
0.73 8.978873e-09
0.76 9.368017e-09
0.785 9.61343e-09
0.81 9.91577e-09
0.835 1.028995e-08
0.86 1.051423e-08
0.89 1.090624e-08
0.915 1.122971e-08
0.94 1.147465e-08
0.965 1.175629e-08
0.99 1.212979e-08
1.02 1.242126e-08
1.045 1.276208e-08
1.07 1.305314e-08
1.095 1.328908e-08
1.12 1.364041e-08
1.15 1.400936e-08
1.175 1.424341e-08
1.175 1.429879e-08
1.15 1.396975e-08
1.12 1.356277e-08
1.095 1.333213e-08
1.07 1.299123e-08
1.045 1.269669e-08
1.02 1.232436e-08
0.99 1.196232e-08
0.965 1.167302e-08
0.94 1.137888e-08
0.915 1.106923e-08
0.89 1.079493e-08
0.86 1.041361e-08
0.835 1.008615e-08
0.81 9.784277e-09
0.785 9.511677e-09
0.76 9.190771e-09
0.73 8.854403e-09
0.705 8.569605e-09
0.68 8.234817e-09
0.655 7.922787e-09
0.63 7.650907e-09
0.6 7.277583e-09
0.575 6.99259e-09
0.55 6.640076e-09
0.525 6.3432e-09
0.5 6.065183e-09
0.47 5.671106e-09
0.445 5.373142e-09
0.42 5.109725e-09
0.395 4.762354e-09
0.37 4.449581e-09
0.34 4.124557e-09
0.315 3.830963e-09
0.29 3.484647e-09
0.265 3.199685e-09
0.24 2.942958e-09
0.21 2.522625e-09
0.185 2.270358e-09
0.16 1.981986e-09
0.135 1.646906e-09
0.11 1.260151e-09
0.08 1.000855e-09
0.055 6.642614e-10
0.03 3.627188e-10
0.005 9.248333e-11
-0.02 -3.666879e-10
-0.05 -6.742e-10
-0.075 -1.037095e-09
-0.1 -1.300166e-09
