Wed May  6 20:47:40 2026
-0.1 -5.132367e-08
-0.075 -3.88923e-08
-0.05 -2.488598e-08
-0.02 -1.073526e-08
0.005 8.58183e-09
0.03 2.070955e-08
0.055 3.302558e-08
0.08 4.706986e-08
0.11 6.114463e-08
0.135 7.510231e-08
0.16 8.722963e-08
0.185 9.969836e-08
0.21 1.12e-07
0.24 1.277502e-07
0.265 1.400666e-07
0.29 1.540323e-07
0.315 1.662538e-07
0.34 1.786803e-07
0.37 1.942715e-07
0.395 2.067207e-07
0.42 2.188871e-07
0.445 2.327362e-07
0.47 2.44981e-07
0.5 2.590176e-07
0.525 2.728753e-07
0.55 2.852171e-07
0.575 2.972394e-07
0.6 3.11468e-07
0.63 3.254572e-07
0.655 3.37591e-07
0.68 3.51705e-07
0.705 3.638847e-07
0.73 3.760039e-07
0.76 3.919591e-07
0.785 4.040778e-07
0.81 4.161808e-07
0.835 4.301028e-07
0.86 4.422403e-07
0.89 4.5792e-07
0.915 4.702894e-07
0.94 4.823517e-07
0.965 4.945159e-07
0.99 5.084729e-07
1.02 5.225346e-07
1.045 5.365553e-07
1.07 5.487349e-07
1.095 5.610728e-07
1.12 5.732689e-07
1.15 5.89003e-07
1.175 6.009055e-07
1.175 6.008911e-07
1.15 5.884287e-07
1.12 5.723206e-07
1.095 5.601781e-07
1.07 5.477594e-07
1.045 5.35405e-07
1.02 5.211959e-07
0.99 5.071184e-07
0.965 4.930687e-07
0.94 4.808578e-07
0.915 4.684142e-07
0.89 4.561859e-07
0.86 4.405751e-07
0.835 4.281664e-07
0.81 4.142001e-07
0.785 4.019945e-07
0.76 3.897003e-07
0.73 3.740226e-07
0.705 3.615686e-07
0.68 3.494082e-07
0.655 3.354885e-07
0.63 3.232063e-07
0.6 3.093178e-07
0.575 2.951105e-07
0.55 2.829827e-07
0.525 2.707538e-07
0.5 2.56741e-07
0.47 2.428125e-07
0.445 2.306442e-07
0.42 2.166777e-07
0.395 2.044316e-07
0.37 1.921871e-07
0.34 1.765457e-07
0.315 1.643662e-07
0.29 1.522799e-07
0.265 1.382724e-07
0.24 1.260515e-07
0.21 1.103189e-07
0.185 9.81473e-08
0.16 8.597757e-08
0.135 7.378247e-08
0.11 5.979091e-08
0.08 4.599595e-08
0.055 3.213122e-08
0.03 1.982501e-08
0.005 7.705479e-09
-0.02 -1.141934e-08
-0.05 -2.529882e-08
-0.075 -3.925748e-08
-0.1 -5.138126e-08
