Thu May  7 09:10:34 2026
-0.1 -1.200846e-09
-0.075 -8.818455e-10
-0.05 -5.127634e-10
-0.02 -1.573598e-10
0.005 3.080993e-10
0.03 6.131773e-10
0.055 9.325203e-10
0.08 1.285315e-09
0.11 1.648084e-09
0.135 1.99293e-09
0.16 2.281173e-09
0.185 2.598623e-09
0.21 2.891158e-09
0.24 3.288054e-09
0.265 3.606305e-09
0.29 3.953756e-09
0.315 4.255388e-09
0.34 4.559366e-09
0.37 4.96506e-09
0.395 5.269971e-09
0.42 5.554844e-09
0.445 5.905159e-09
0.47 6.237207e-09
0.5 6.577176e-09
0.525 6.909046e-09
0.55 7.249942e-09
0.575 7.517065e-09
0.6 7.90664e-09
0.63 8.23478e-09
0.655 8.508676e-09
0.68 8.884199e-09
0.705 9.22968e-09
0.73 9.497469e-09
0.76 9.893176e-09
0.785 1.023036e-08
0.81 1.048983e-08
0.835 1.082742e-08
0.86 1.11687e-08
0.89 1.155222e-08
0.915 1.182182e-08
0.94 1.217428e-08
0.965 1.249562e-08
0.99 1.280258e-08
1.02 1.31886e-08
1.045 1.357291e-08
1.07 1.382064e-08
1.095 1.414287e-08
1.12 1.449341e-08
1.15 1.483948e-08
1.175 1.515352e-08
1.175 1.518278e-08
1.15 1.480813e-08
1.12 1.435387e-08
1.095 1.414329e-08
1.07 1.378984e-08
1.045 1.345984e-08
1.02 1.315234e-08
0.99 1.275551e-08
0.965 1.238605e-08
0.94 1.212003e-08
0.915 1.179638e-08
0.89 1.142592e-08
0.86 1.107899e-08
0.835 1.07552e-08
0.81 1.039085e-08
0.785 1.012222e-08
0.76 9.836064e-09
0.73 9.391327e-09
0.705 9.0749e-09
0.68 8.788033e-09
0.655 8.440625e-09
0.63 8.10643e-09
0.6 7.772654e-09
0.575 7.394112e-09
0.55 7.124918e-09
0.525 6.845854e-09
0.5 6.454757e-09
0.47 6.074398e-09
0.445 5.797231e-09
0.42 5.482973e-09
0.395 5.124666e-09
0.37 4.842565e-09
0.34 4.447349e-09
0.315 4.134106e-09
0.29 3.781267e-09
0.265 3.466387e-09
0.24 3.197415e-09
0.21 2.783854e-09
0.185 2.433037e-09
0.16 2.163518e-09
0.135 1.882214e-09
0.11 1.500345e-09
0.08 1.137616e-09
0.055 8.00599e-10
0.03 5.513198e-10
0.005 1.941479e-10
-0.02 -3.159345e-10
-0.05 -6.304743e-10
-0.075 -9.458981e-10
-0.1 -1.288003e-09
