Wed May  6 20:14:23 2026
-0.1 -2.679358e-08
-0.075 -2.066017e-08
-0.05 -1.38067e-08
-0.02 -7.011439e-09
0.005 2.330105e-09
0.03 8.221501e-09
0.055 1.420778e-08
0.08 2.097682e-08
0.11 2.769604e-08
0.135 3.45192e-08
0.16 4.047303e-08
0.185 4.637557e-08
0.21 5.233647e-08
0.24 5.996529e-08
0.265 6.587049e-08
0.29 7.262673e-08
0.315 7.857239e-08
0.34 8.449079e-08
0.37 9.206666e-08
0.395 9.803102e-08
0.42 1.039019e-07
0.445 1.107176e-07
0.47 1.165721e-07
0.5 1.23382e-07
0.525 1.301055e-07
0.55 1.359802e-07
0.575 1.418943e-07
0.6 1.486713e-07
0.63 1.55441e-07
0.655 1.613493e-07
0.68 1.680548e-07
0.705 1.74029e-07
0.73 1.798683e-07
0.76 1.875537e-07
0.785 1.934865e-07
0.81 1.993416e-07
0.835 2.060958e-07
0.86 2.120134e-07
0.89 2.196012e-07
0.915 2.254091e-07
0.94 2.314036e-07
0.965 2.372517e-07
0.99 2.442015e-07
1.02 2.508861e-07
1.045 2.577455e-07
1.07 2.636363e-07
1.095 2.695213e-07
1.12 2.754256e-07
1.15 2.830741e-07
1.175 2.888512e-07
1.175 2.887835e-07
1.15 2.827518e-07
1.12 2.749561e-07
1.095 2.690593e-07
1.07 2.630252e-07
1.045 2.569149e-07
1.02 2.500078e-07
0.99 2.431579e-07
0.965 2.362514e-07
0.94 2.304077e-07
0.915 2.243262e-07
0.89 2.184074e-07
0.86 2.107769e-07
0.835 2.047123e-07
0.81 1.980143e-07
0.785 1.920672e-07
0.76 1.861744e-07
0.73 1.785074e-07
0.705 1.725066e-07
0.68 1.665938e-07
0.655 1.597853e-07
0.63 1.538553e-07
0.6 1.470904e-07
0.575 1.402595e-07
0.55 1.343725e-07
0.525 1.284106e-07
0.5 1.217122e-07
0.47 1.149284e-07
0.445 1.090837e-07
0.42 1.024717e-07
0.395 9.64523e-08
0.37 9.056867e-08
0.34 8.300564e-08
0.315 7.714326e-08
0.29 7.121407e-08
0.265 6.450225e-08
0.24 5.862409e-08
0.21 5.104816e-08
0.185 4.521709e-08
0.16 3.932979e-08
0.135 3.34317e-08
0.11 2.670511e-08
0.08 2.001183e-08
0.055 1.329739e-08
0.03 7.421859e-09
0.005 1.581596e-09
-0.02 -7.676545e-09
-0.05 -1.433011e-08
-0.075 -2.105466e-08
-0.1 -2.686684e-08
