Thu May  7 03:57:15 2026
-0.1 -3.874681e-09
-0.075 -2.781583e-09
-0.05 -1.610286e-09
-0.02 -4.652501e-10
0.005 1.121668e-09
0.03 2.100189e-09
0.055 3.130337e-09
0.08 4.281639e-09
0.11 5.418714e-09
0.135 6.547413e-09
0.16 7.553116e-09
0.185 8.546409e-09
0.21 9.530197e-09
0.24 1.083137e-08
0.265 1.181894e-08
0.29 1.295767e-08
0.315 1.393518e-08
0.34 1.494533e-08
0.37 1.622661e-08
0.395 1.721065e-08
0.42 1.821968e-08
0.445 1.935055e-08
0.47 2.035062e-08
0.5 2.150396e-08
0.525 2.261761e-08
0.55 2.359705e-08
0.575 2.457525e-08
0.6 2.575684e-08
0.63 2.68955e-08
0.655 2.787945e-08
0.68 2.901736e-08
0.705 3.003159e-08
0.73 3.098688e-08
0.76 3.230597e-08
0.785 3.328924e-08
0.81 3.427748e-08
0.835 3.541699e-08
0.86 3.642693e-08
0.89 3.770801e-08
0.915 3.869891e-08
0.94 3.970685e-08
0.965 4.069887e-08
0.99 4.184693e-08
1.02 4.299939e-08
1.045 4.412501e-08
1.07 4.512875e-08
1.095 4.612369e-08
1.12 4.711585e-08
1.15 4.838818e-08
1.175 4.937873e-08
1.175 4.934284e-08
1.15 4.832177e-08
1.12 4.699292e-08
1.095 4.595529e-08
1.07 4.495179e-08
1.045 4.392955e-08
1.02 4.271681e-08
0.99 4.15648e-08
0.965 4.037486e-08
0.94 3.938158e-08
0.915 3.834957e-08
0.89 3.731106e-08
0.86 3.602217e-08
0.835 3.501975e-08
0.81 3.385441e-08
0.785 3.282105e-08
0.76 3.183288e-08
0.73 3.051114e-08
0.705 2.94924e-08
0.68 2.852917e-08
0.655 2.735104e-08
0.63 2.632535e-08
0.6 2.523088e-08
0.575 2.408354e-08
0.55 2.310179e-08
0.525 2.202812e-08
0.5 2.087145e-08
0.47 1.977132e-08
0.445 1.871356e-08
0.42 1.76116e-08
0.395 1.661912e-08
0.37 1.556213e-08
0.34 1.42559e-08
0.315 1.328478e-08
0.29 1.227346e-08
0.265 1.111168e-08
0.24 1.014629e-08
0.21 8.831467e-09
0.185 7.800384e-09
0.16 6.839615e-09
0.135 5.864799e-09
0.11 4.694525e-09
0.08 3.557198e-09
0.055 2.418358e-09
0.03 1.439368e-09
0.005 4.323606e-10
-0.02 -1.130691e-09
-0.05 -2.259734e-09
-0.075 -3.399299e-09
-0.1 -4.382987e-09
