Thu May  7 02:35:22 2026
-0.1 -2.183546e-08
-0.075 -1.631224e-08
-0.05 -1.014788e-08
-0.02 -3.967581e-09
0.005 4.316578e-09
0.03 9.680408e-09
0.055 1.509414e-08
0.08 2.12281e-08
0.11 2.737278e-08
0.135 3.352073e-08
0.16 3.887343e-08
0.185 4.423977e-08
0.21 4.962767e-08
0.24 5.65588e-08
0.265 6.187998e-08
0.29 6.804601e-08
0.315 7.344105e-08
0.34 7.881196e-08
0.37 8.567848e-08
0.395 9.102996e-08
0.42 9.643724e-08
0.445 1.025734e-07
0.47 1.079423e-07
0.5 1.141286e-07
0.525 1.202767e-07
0.55 1.256524e-07
0.575 1.310368e-07
0.6 1.372307e-07
0.63 1.433875e-07
0.655 1.487798e-07
0.68 1.549342e-07
0.705 1.603137e-07
0.73 1.656716e-07
0.76 1.72675e-07
0.785 1.779918e-07
0.81 1.834094e-07
0.835 1.8957e-07
0.86 1.949072e-07
0.89 2.018808e-07
0.915 2.072657e-07
0.94 2.12621e-07
0.965 2.17994e-07
0.99 2.24163e-07
1.02 2.303563e-07
1.045 2.365752e-07
1.07 2.420647e-07
1.095 2.47331e-07
1.12 2.527603e-07
1.15 2.596857e-07
1.175 2.6507e-07
1.175 2.650423e-07
1.15 2.595463e-07
1.12 2.524747e-07
1.095 2.471076e-07
1.07 2.416194e-07
1.045 2.362178e-07
1.02 2.299563e-07
0.99 2.237624e-07
0.965 2.175381e-07
0.94 2.121304e-07
0.915 2.067328e-07
0.89 2.01307e-07
0.86 1.943121e-07
0.835 1.889e-07
0.81 1.827553e-07
0.785 1.773169e-07
0.76 1.71919e-07
0.73 1.6497e-07
0.705 1.595606e-07
0.68 1.54189e-07
0.655 1.479848e-07
0.63 1.425708e-07
0.6 1.364026e-07
0.575 1.302168e-07
0.55 1.247996e-07
0.525 1.194215e-07
0.5 1.132725e-07
0.47 1.070712e-07
0.445 1.017025e-07
0.42 9.553627e-08
0.395 9.011807e-08
0.37 8.472331e-08
0.34 7.78271e-08
0.315 7.243468e-08
0.29 6.707246e-08
0.265 6.093379e-08
0.24 5.559739e-08
0.21 4.862285e-08
0.185 4.321167e-08
0.16 3.785469e-08
0.135 3.249375e-08
0.11 2.635178e-08
0.08 2.02104e-08
0.055 1.405821e-08
0.03 8.712136e-09
0.005 3.34891e-09
-0.02 -4.900383e-09
-0.05 -1.104226e-08
-0.075 -1.716847e-08
-0.1 -2.252083e-08
