Thu May  7 06:30:04 2026
-0.1 -2.878629e-09
-0.075 -2.128051e-09
-0.05 -1.323817e-09
-0.02 -4.911742e-10
0.005 5.465641e-10
0.03 1.251063e-09
0.055 1.935364e-09
0.08 2.731256e-09
0.11 3.540276e-09
0.135 4.298516e-09
0.16 5.021815e-09
0.185 5.696107e-09
0.21 6.39997e-09
0.24 7.264472e-09
0.265 7.965257e-09
0.29 8.759801e-09
0.315 9.445071e-09
0.34 1.012668e-08
0.37 1.102188e-08
0.395 1.169157e-08
0.42 1.239768e-08
0.445 1.318106e-08
0.47 1.388296e-08
0.5 1.469172e-08
0.525 1.546105e-08
0.55 1.613209e-08
0.575 1.681735e-08
0.6 1.760763e-08
0.63 1.841414e-08
0.655 1.913207e-08
0.68 1.992956e-08
0.705 2.059405e-08
0.73 2.127815e-08
0.76 2.218661e-08
0.785 2.285631e-08
0.81 2.353083e-08
0.835 2.434695e-08
0.86 2.504544e-08
0.89 2.59081e-08
0.915 2.661537e-08
0.94 2.732288e-08
0.965 2.797897e-08
0.99 2.878626e-08
1.02 2.959925e-08
1.045 3.035553e-08
1.07 3.103317e-08
1.095 3.178406e-08
1.12 3.242174e-08
1.15 3.334481e-08
1.175 3.403692e-08
1.175 3.398436e-08
1.15 3.326241e-08
1.12 3.238588e-08
1.095 3.166115e-08
1.07 3.094598e-08
1.045 3.02681e-08
1.02 2.938359e-08
0.99 2.861823e-08
0.965 2.782378e-08
0.94 2.712708e-08
0.915 2.642752e-08
0.89 2.574917e-08
0.86 2.481667e-08
0.835 2.412613e-08
0.81 2.338424e-08
0.785 2.263673e-08
0.76 2.19581e-08
0.73 2.105653e-08
0.705 2.032923e-08
0.68 1.964823e-08
0.655 1.886718e-08
0.63 1.815597e-08
0.6 1.732083e-08
0.575 1.656146e-08
0.55 1.585713e-08
0.525 1.520146e-08
0.5 1.43764e-08
0.47 1.355141e-08
0.445 1.290605e-08
0.42 1.213484e-08
0.395 1.139368e-08
0.37 1.072026e-08
0.34 9.873274e-09
0.315 9.134869e-09
0.29 8.438397e-09
0.265 7.673178e-09
0.24 7.026031e-09
0.21 6.087284e-09
0.185 5.411645e-09
0.16 4.741656e-09
0.135 4.032356e-09
0.11 3.234824e-09
0.08 2.470826e-09
0.055 1.718566e-09
0.03 9.932822e-10
0.005 2.923195e-10
-0.02 -7.521825e-10
-0.05 -1.530073e-09
-0.075 -2.309104e-09
-0.1 -3.006819e-09
