Wed May  6 18:19:11 2026
-0.1 -1.028023e-07
-0.075 -7.887979e-08
-0.05 -5.235146e-08
-0.02 -2.605424e-08
0.005 1.096604e-08
0.03 3.386037e-08
0.055 5.701114e-08
0.08 8.339961e-08
0.11 1.098347e-07
0.135 1.363616e-07
0.16 1.595417e-07
0.185 1.826642e-07
0.21 2.06233e-07
0.24 2.364844e-07
0.265 2.599488e-07
0.29 2.86788e-07
0.315 3.105609e-07
0.34 3.342052e-07
0.37 3.645218e-07
0.395 3.882211e-07
0.42 4.121019e-07
0.445 4.392838e-07
0.47 4.636451e-07
0.5 4.908842e-07
0.525 5.182678e-07
0.55 5.420732e-07
0.575 5.663078e-07
0.6 5.939672e-07
0.63 6.214675e-07
0.655 6.460251e-07
0.68 6.732767e-07
0.705 6.981618e-07
0.73 7.22726e-07
0.76 7.548616e-07
0.785 7.788166e-07
0.81 8.037238e-07
0.835 8.313476e-07
0.86 8.563993e-07
0.89 8.875086e-07
0.915 9.126715e-07
0.94 9.37309e-07
0.965 9.616327e-07
0.99 9.905004e-07
1.02 1.014424e-06
1.045 1.035286e-06
1.07 1.043717e-06
1.095 1.09571e-06
1.12 1.123288e-06
1.15 1.152826e-06
1.175 1.17843e-06
1.175 1.180514e-06
1.15 1.156243e-06
1.12 1.12454e-06
1.095 1.099596e-06
1.07 1.074628e-06
1.045 1.050689e-06
1.02 1.022113e-06
0.99 9.952586e-07
0.965 9.663396e-07
0.94 9.420168e-07
0.915 9.169337e-07
0.89 8.92274e-07
0.86 8.598524e-07
0.835 8.343434e-07
0.81 8.067617e-07
0.785 7.814122e-07
0.76 7.563553e-07
0.73 7.244865e-07
0.705 6.990278e-07
0.68 6.749012e-07
0.655 6.474605e-07
0.63 6.228751e-07
0.6 5.951186e-07
0.575 5.676513e-07
0.55 5.43029e-07
0.525 5.184216e-07
0.5 4.909701e-07
0.47 4.635416e-07
0.445 4.397151e-07
0.42 4.125056e-07
0.395 3.880716e-07
0.37 3.639794e-07
0.34 3.338579e-07
0.315 3.099413e-07
0.29 2.862472e-07
0.265 2.591592e-07
0.24 2.354056e-07
0.21 2.049952e-07
0.185 1.81458e-07
0.16 1.58062e-07
0.135 1.346756e-07
0.11 1.079935e-07
0.08 8.176715e-08
0.055 5.531456e-08
0.03 3.222409e-08
0.005 9.156961e-09
-0.02 -2.777991e-08
-0.05 -5.373466e-08
-0.075 -7.989076e-08
-0.1 -1.02496e-07
