Thu May  7 01:56:36 2026
-0.1 -2.565328e-08
-0.075 -1.920159e-08
-0.05 -1.197263e-08
-0.02 -4.735649e-09
0.005 5.014159e-09
0.03 1.131049e-08
0.055 1.759097e-08
0.08 2.478734e-08
0.11 3.197909e-08
0.135 3.914085e-08
0.16 4.543717e-08
0.185 5.177534e-08
0.21 5.806357e-08
0.24 6.615358e-08
0.265 7.244365e-08
0.29 7.962248e-08
0.315 8.591902e-08
0.34 9.220985e-08
0.37 1.003418e-07
0.395 1.065486e-07
0.42 1.12876e-07
0.445 1.200877e-07
0.47 1.263321e-07
0.5 1.335171e-07
0.525 1.407844e-07
0.55 1.470352e-07
0.575 1.533631e-07
0.6 1.605663e-07
0.63 1.677639e-07
0.655 1.741111e-07
0.68 1.812596e-07
0.705 1.875589e-07
0.73 1.939247e-07
0.76 2.019754e-07
0.785 2.082954e-07
0.81 2.146071e-07
0.835 2.217605e-07
0.86 2.280511e-07
0.89 2.361788e-07
0.915 2.425066e-07
0.94 2.488142e-07
0.965 2.551162e-07
0.99 2.623124e-07
1.02 2.694784e-07
1.045 2.767078e-07
1.07 2.830387e-07
1.095 2.893234e-07
1.12 2.956415e-07
1.15 3.03732e-07
1.175 3.099601e-07
1.175 3.099378e-07
1.15 3.035533e-07
1.12 2.953477e-07
1.095 2.890428e-07
1.07 2.826145e-07
1.045 2.762118e-07
1.02 2.688732e-07
0.99 2.616543e-07
0.965 2.543714e-07
0.94 2.4824e-07
0.915 2.417177e-07
0.89 2.353792e-07
0.86 2.272027e-07
0.835 2.208939e-07
0.81 2.137715e-07
0.785 2.073772e-07
0.76 2.010778e-07
0.73 1.929011e-07
0.705 1.866086e-07
0.68 1.802507e-07
0.655 1.730043e-07
0.63 1.667179e-07
0.6 1.594455e-07
0.575 1.521901e-07
0.55 1.459042e-07
0.525 1.395566e-07
0.5 1.323674e-07
0.47 1.251544e-07
0.445 1.188433e-07
0.42 1.116078e-07
0.395 1.053643e-07
0.37 9.907706e-08
0.34 9.097064e-08
0.315 8.46774e-08
0.29 7.839136e-08
0.265 7.118379e-08
0.24 6.486557e-08
0.21 5.679366e-08
0.185 5.053451e-08
0.16 4.425826e-08
0.135 3.797342e-08
0.11 3.080974e-08
0.08 2.365311e-08
0.055 1.646708e-08
0.03 1.019371e-08
0.005 3.948623e-09
-0.02 -5.78204e-09
-0.05 -1.295788e-08
-0.075 -2.009643e-08
-0.1 -2.634984e-08
