Wed May  6 21:29:42 2026
-0.1 -1.387978e-08
-0.075 -1.035479e-08
-0.05 -6.473619e-09
-0.02 -2.650408e-09
0.005 2.538319e-09
0.03 5.825997e-09
0.055 9.169482e-09
0.08 1.29352e-08
0.11 1.672511e-08
0.135 2.046948e-08
0.16 2.376894e-08
0.185 2.706595e-08
0.21 3.038928e-08
0.24 3.46387e-08
0.265 3.786749e-08
0.29 4.157265e-08
0.315 4.487565e-08
0.34 4.814399e-08
0.37 5.233339e-08
0.395 5.561049e-08
0.42 5.887941e-08
0.445 6.259699e-08
0.47 6.587754e-08
0.5 6.961858e-08
0.525 7.335854e-08
0.55 7.656649e-08
0.575 7.985958e-08
0.6 8.356611e-08
0.63 8.740626e-08
0.655 9.060648e-08
0.68 9.431207e-08
0.705 9.758478e-08
0.73 1.00814e-07
0.76 1.05004e-07
0.785 1.082157e-07
0.81 1.114637e-07
0.835 1.152292e-07
0.86 1.183916e-07
0.89 1.226628e-07
0.915 1.258858e-07
0.94 1.291529e-07
0.965 1.324267e-07
0.99 1.362138e-07
1.02 1.398104e-07
1.045 1.435815e-07
1.07 1.468688e-07
1.095 1.50021e-07
1.12 1.532384e-07
1.15 1.574246e-07
1.175 1.60622e-07
1.175 1.604788e-07
1.15 1.570466e-07
1.12 1.526094e-07
1.095 1.492165e-07
1.07 1.458314e-07
1.045 1.424374e-07
1.02 1.385588e-07
0.99 1.348028e-07
0.965 1.309493e-07
0.94 1.275965e-07
0.915 1.242845e-07
0.89 1.209193e-07
0.86 1.166034e-07
0.835 1.133172e-07
0.81 1.095653e-07
0.785 1.062827e-07
0.76 1.029785e-07
0.73 9.87191e-08
0.705 9.547444e-08
0.68 9.210957e-08
0.655 8.834419e-08
0.63 8.507065e-08
0.6 8.131228e-08
0.575 7.755624e-08
0.55 7.423068e-08
0.525 7.103922e-08
0.5 6.731728e-08
0.47 6.352492e-08
0.445 6.02378e-08
0.42 5.653483e-08
0.395 5.333594e-08
0.37 5.001241e-08
0.34 4.583373e-08
0.315 4.262626e-08
0.29 3.932415e-08
0.265 3.561156e-08
0.24 3.239026e-08
0.21 2.814467e-08
0.185 2.487493e-08
0.16 2.167028e-08
0.135 1.844784e-08
0.11 1.469513e-08
0.08 1.097503e-08
0.055 7.22848e-09
0.03 4.028995e-09
0.005 7.610447e-10
-0.02 -4.387363e-09
-0.05 -8.027848e-09
-0.075 -1.172759e-08
-0.1 -1.499454e-08
