Thu May  7 03:19:35 2026
-0.1 -2.908601e-09
-0.075 -2.163453e-09
-0.05 -1.278201e-09
-0.02 -3.917297e-10
0.005 7.626874e-10
0.03 1.492519e-09
0.055 2.203795e-09
0.08 3.085364e-09
0.11 3.987596e-09
0.135 4.78947e-09
0.16 5.542857e-09
0.185 6.286029e-09
0.21 6.993393e-09
0.24 7.922352e-09
0.265 8.681722e-09
0.29 9.577593e-09
0.315 1.02677e-08
0.34 1.094498e-08
0.37 1.195452e-08
0.395 1.269429e-08
0.42 1.34111e-08
0.445 1.429285e-08
0.47 1.503564e-08
0.5 1.585393e-08
0.525 1.673349e-08
0.55 1.747745e-08
0.575 1.816426e-08
0.6 1.906533e-08
0.63 1.985319e-08
0.655 2.062284e-08
0.68 2.142873e-08
0.705 2.214566e-08
0.73 2.293369e-08
0.76 2.393119e-08
0.785 2.45927e-08
0.81 2.53369e-08
0.835 2.622402e-08
0.86 2.692319e-08
0.89 2.782155e-08
0.915 2.862192e-08
0.94 2.939048e-08
0.965 3.006875e-08
0.99 3.095754e-08
1.02 3.178814e-08
1.045 3.263029e-08
1.07 3.338898e-08
1.095 3.414693e-08
1.12 3.487004e-08
1.15 3.580446e-08
1.175 3.655808e-08
1.175 3.650658e-08
1.15 3.572001e-08
1.12 3.47243e-08
1.095 3.399021e-08
1.07 3.323241e-08
1.045 3.250393e-08
1.02 3.156752e-08
0.99 3.075674e-08
0.965 2.988115e-08
0.94 2.913578e-08
0.915 2.837507e-08
0.89 2.763026e-08
0.86 2.662734e-08
0.835 2.58863e-08
0.81 2.508728e-08
0.785 2.42869e-08
0.76 2.350585e-08
0.73 2.26238e-08
0.705 2.184789e-08
0.68 2.106038e-08
0.655 2.024653e-08
0.63 1.947144e-08
0.6 1.861763e-08
0.575 1.777381e-08
0.55 1.702147e-08
0.525 1.631369e-08
0.5 1.544118e-08
0.47 1.45864e-08
0.445 1.386093e-08
0.42 1.303614e-08
0.395 1.226629e-08
0.37 1.155383e-08
0.34 1.064638e-08
0.315 9.847041e-09
0.29 9.104533e-09
0.265 8.279188e-09
0.24 7.526888e-09
0.21 6.568099e-09
0.185 5.84201e-09
0.16 5.126696e-09
0.135 4.377343e-09
0.11 3.511886e-09
0.08 2.696677e-09
0.055 1.893412e-09
0.03 1.118599e-09
0.005 3.162218e-10
-0.02 -7.468823e-10
-0.05 -1.553688e-09
-0.075 -2.439951e-09
-0.1 -3.13645e-09
