Thu May  7 07:53:03 2026
-0.1 -1.383666e-09
-0.075 -1.008985e-09
-0.05 -5.5809e-10
-0.02 -1.243657e-10
0.005 4.454485e-10
0.03 8.108275e-10
0.055 1.158827e-09
0.08 1.572892e-09
0.11 2.008838e-09
0.135 2.447645e-09
0.16 2.795142e-09
0.185 3.169649e-09
0.21 3.529344e-09
0.24 3.993735e-09
0.265 4.359542e-09
0.29 4.782401e-09
0.315 5.155103e-09
0.34 5.513111e-09
0.37 5.983267e-09
0.395 6.339386e-09
0.42 6.691808e-09
0.445 7.127747e-09
0.47 7.505934e-09
0.5 7.895829e-09
0.525 8.348487e-09
0.55 8.725098e-09
0.575 9.071889e-09
0.6 9.506393e-09
0.63 9.913216e-09
0.655 1.030006e-08
0.68 1.071148e-08
0.705 1.105164e-08
0.73 1.144547e-08
0.76 1.190687e-08
0.785 1.227344e-08
0.81 1.263166e-08
0.835 1.305948e-08
0.86 1.341409e-08
0.89 1.388656e-08
0.915 1.424782e-08
0.94 1.461858e-08
0.965 1.498182e-08
0.99 1.540762e-08
1.02 1.583323e-08
1.045 1.624232e-08
1.07 1.660483e-08
1.095 1.698397e-08
1.12 1.731986e-08
1.15 1.782848e-08
1.175 1.819222e-08
1.175 1.816847e-08
1.15 1.778441e-08
1.12 1.729786e-08
1.095 1.69225e-08
1.07 1.653999e-08
1.045 1.618521e-08
1.02 1.571759e-08
0.99 1.529392e-08
0.965 1.48847e-08
0.94 1.448358e-08
0.915 1.414182e-08
0.89 1.379593e-08
0.86 1.330768e-08
0.835 1.292621e-08
0.81 1.252087e-08
0.785 1.213489e-08
0.76 1.176562e-08
0.73 1.130417e-08
0.705 1.09379e-08
0.68 1.054328e-08
0.655 1.015072e-08
0.63 9.76384e-09
0.6 9.328438e-09
0.575 8.9182e-09
0.55 8.542514e-09
0.525 8.197381e-09
0.5 7.770936e-09
0.47 7.346951e-09
0.445 7.002855e-09
0.42 6.578234e-09
0.395 6.193625e-09
0.37 5.82164e-09
0.34 5.363644e-09
0.315 5.014212e-09
0.29 4.627959e-09
0.265 4.216131e-09
0.24 3.864759e-09
0.21 3.360267e-09
0.185 3.000278e-09
0.16 2.638268e-09
0.135 2.298726e-09
0.11 1.864418e-09
0.08 1.423845e-09
0.055 1.016175e-09
0.03 6.852605e-10
0.005 3.08058e-10
-0.02 -2.969126e-10
-0.05 -6.931385e-10
-0.075 -1.086546e-09
-0.1 -1.488623e-09
