Wed May  6 23:27:04 2026
-0.1 -6.119655e-09
-0.075 -4.656329e-09
-0.05 -3.018484e-09
-0.02 -1.365315e-09
0.005 8.420918e-10
0.03 2.235268e-09
0.055 3.622676e-09
0.08 5.273173e-09
0.11 6.916381e-09
0.135 8.497232e-09
0.16 9.897468e-09
0.185 1.131493e-08
0.21 1.27342e-08
0.24 1.453501e-08
0.265 1.596959e-08
0.29 1.760248e-08
0.315 1.896503e-08
0.34 2.035537e-08
0.37 2.219202e-08
0.395 2.358274e-08
0.42 2.496784e-08
0.445 2.659927e-08
0.47 2.802416e-08
0.5 2.957689e-08
0.525 3.121157e-08
0.55 3.264759e-08
0.575 3.40069e-08
0.6 3.564971e-08
0.63 3.720683e-08
0.655 3.857852e-08
0.68 4.02244e-08
0.705 4.159475e-08
0.73 4.293932e-08
0.76 4.480102e-08
0.785 4.618108e-08
0.81 4.755761e-08
0.835 4.920534e-08
0.86 5.064274e-08
0.89 5.240633e-08
0.915 5.383234e-08
0.94 5.528346e-08
0.965 5.663816e-08
0.99 5.824879e-08
1.02 5.984724e-08
1.045 6.14538e-08
1.07 6.279616e-08
1.095 6.427829e-08
1.12 6.565197e-08
1.15 6.745233e-08
1.175 6.885807e-08
1.175 6.87786e-08
1.15 6.728683e-08
1.12 6.55001e-08
1.095 6.408045e-08
1.07 6.258071e-08
1.045 6.113387e-08
1.02 5.948716e-08
0.99 5.780446e-08
0.965 5.620396e-08
0.94 5.481252e-08
0.915 5.333147e-08
0.89 5.194098e-08
0.86 5.009119e-08
0.835 4.865965e-08
0.81 4.702455e-08
0.785 4.564991e-08
0.76 4.425264e-08
0.73 4.23267e-08
0.705 4.096162e-08
0.68 3.952234e-08
0.655 3.788995e-08
0.63 3.651373e-08
0.6 3.49526e-08
0.575 3.330939e-08
0.55 3.190637e-08
0.525 3.045804e-08
0.5 2.887106e-08
0.47 2.731239e-08
0.445 2.58503e-08
0.42 2.419784e-08
0.395 2.283487e-08
0.37 2.139343e-08
0.34 1.959288e-08
0.315 1.823996e-08
0.29 1.688742e-08
0.265 1.522557e-08
0.24 1.377483e-08
0.21 1.201751e-08
0.185 1.062398e-08
0.16 9.194575e-09
0.135 7.82778e-09
0.11 6.254129e-09
0.08 4.61382e-09
0.055 3.035074e-09
0.03 1.63769e-09
0.005 2.593292e-10
-0.02 -1.887415e-09
-0.05 -3.529686e-09
-0.075 -5.155121e-09
-0.1 -6.510617e-09
