Thu May  7 02:37:33 2026
-0.1 -6.326718e-09
-0.075 -4.692737e-09
-0.05 -2.943237e-09
-0.02 -1.200891e-09
0.005 1.125667e-09
0.03 2.645544e-09
0.055 4.197485e-09
0.08 5.919938e-09
0.11 7.665659e-09
0.135 9.390845e-09
0.16 1.089851e-08
0.185 1.240568e-08
0.21 1.393031e-08
0.24 1.588884e-08
0.265 1.738721e-08
0.29 1.910045e-08
0.315 2.061694e-08
0.34 2.214246e-08
0.37 2.407818e-08
0.395 2.560531e-08
0.42 2.709263e-08
0.445 2.882298e-08
0.47 3.035293e-08
0.5 3.209077e-08
0.525 3.383696e-08
0.55 3.5333e-08
0.575 3.684413e-08
0.6 3.861129e-08
0.63 4.032577e-08
0.655 4.182698e-08
0.68 4.358194e-08
0.705 4.51029e-08
0.73 4.659856e-08
0.76 4.854518e-08
0.785 5.012008e-08
0.81 5.16e-08
0.835 5.33386e-08
0.86 5.484569e-08
0.89 5.682929e-08
0.915 5.831276e-08
0.94 5.98676e-08
0.965 6.136022e-08
0.99 6.311296e-08
1.02 6.484025e-08
1.045 6.657158e-08
1.07 6.80845e-08
1.095 6.96441e-08
1.12 7.116253e-08
1.15 7.311161e-08
1.175 7.464373e-08
1.175 7.462136e-08
1.15 7.300959e-08
1.12 7.098068e-08
1.095 6.945756e-08
1.07 6.788743e-08
1.045 6.634531e-08
1.02 6.456021e-08
0.99 6.283809e-08
0.965 6.103269e-08
0.94 5.949452e-08
0.915 5.795335e-08
0.89 5.640345e-08
0.86 5.442827e-08
0.835 5.286708e-08
0.81 5.11438e-08
0.785 4.963442e-08
0.76 4.809201e-08
0.73 4.609563e-08
0.705 4.458826e-08
0.68 4.306718e-08
0.655 4.128703e-08
0.63 3.976779e-08
0.6 3.801199e-08
0.575 3.625476e-08
0.55 3.473694e-08
0.525 3.321881e-08
0.5 3.144141e-08
0.47 2.973433e-08
0.445 2.822846e-08
0.42 2.646253e-08
0.395 2.494462e-08
0.37 2.345875e-08
0.34 2.147433e-08
0.315 1.999377e-08
0.29 1.847119e-08
0.265 1.672846e-08
0.24 1.52217e-08
0.21 1.329276e-08
0.185 1.175224e-08
0.16 1.024477e-08
0.135 8.74555e-09
0.11 7.011987e-09
0.08 5.248093e-09
0.055 3.538478e-09
0.03 2.039809e-09
0.005 5.272097e-10
-0.02 -1.835276e-09
-0.05 -3.530572e-09
-0.075 -5.240259e-09
-0.1 -6.749536e-09
