Wed May  6 23:28:09 2026
-0.1 -7.187293e-09
-0.075 -5.488218e-09
-0.05 -3.537426e-09
-0.02 -1.578598e-09
0.005 1.037215e-09
0.03 2.685267e-09
0.055 4.412847e-09
0.08 6.358284e-09
0.11 8.258394e-09
0.135 1.015997e-08
0.16 1.186862e-08
0.185 1.353405e-08
0.21 1.519926e-08
0.24 1.736928e-08
0.265 1.910337e-08
0.29 2.098688e-08
0.315 2.265434e-08
0.34 2.440928e-08
0.37 2.648401e-08
0.395 2.814996e-08
0.42 2.987257e-08
0.445 3.177769e-08
0.47 3.343538e-08
0.5 3.539751e-08
0.525 3.735899e-08
0.55 3.896474e-08
0.575 4.069078e-08
0.6 4.257056e-08
0.63 4.449729e-08
0.655 4.622376e-08
0.68 4.813201e-08
0.705 4.978504e-08
0.73 5.145023e-08
0.76 5.362005e-08
0.785 5.528538e-08
0.81 5.698148e-08
0.835 5.886334e-08
0.86 6.047925e-08
0.89 6.269055e-08
0.915 6.43634e-08
0.94 6.598062e-08
0.965 6.769979e-08
0.99 6.963226e-08
1.02 7.150103e-08
1.045 7.344009e-08
1.07 7.514296e-08
1.095 7.678108e-08
1.12 7.84349e-08
1.15 8.062912e-08
1.175 8.228468e-08
1.175 8.219109e-08
1.15 8.057343e-08
1.12 7.835802e-08
1.095 7.65895e-08
1.07 7.488201e-08
1.045 7.321387e-08
1.02 7.122216e-08
0.99 6.926062e-08
0.965 6.73456e-08
0.94 6.561644e-08
0.915 6.391359e-08
0.89 6.21916e-08
0.86 6.007323e-08
0.835 5.833795e-08
0.81 5.641305e-08
0.785 5.479339e-08
0.76 5.303388e-08
0.73 5.088407e-08
0.705 4.920256e-08
0.68 4.746957e-08
0.655 4.549387e-08
0.63 4.387321e-08
0.6 4.196763e-08
0.575 4.001484e-08
0.55 3.837646e-08
0.525 3.664766e-08
0.5 3.479218e-08
0.47 3.28771e-08
0.445 3.115564e-08
0.42 2.921642e-08
0.395 2.762971e-08
0.37 2.591115e-08
0.34 2.370089e-08
0.315 2.207939e-08
0.29 2.04111e-08
0.265 1.844159e-08
0.24 1.680484e-08
0.21 1.473506e-08
0.185 1.299628e-08
0.16 1.124816e-08
0.135 9.646091e-09
0.11 7.798205e-09
0.08 5.855223e-09
0.055 3.887444e-09
0.03 2.265652e-09
0.005 6.60307e-10
-0.02 -2.013965e-09
-0.05 -3.909288e-09
-0.075 -5.794888e-09
-0.1 -7.447462e-09
