Thu May  7 06:34:27 2026
-0.1 -1.849876e-09
-0.075 -1.396372e-09
-0.05 -8.032323e-10
-0.02 -2.725872e-10
0.005 4.038309e-10
0.03 8.595118e-10
0.055 1.289398e-09
0.08 1.852633e-09
0.11 2.421214e-09
0.135 2.889687e-09
0.16 3.339433e-09
0.185 3.821918e-09
0.21 4.261358e-09
0.24 4.818534e-09
0.265 5.332198e-09
0.29 5.863201e-09
0.315 6.259719e-09
0.34 6.674217e-09
0.37 7.311424e-09
0.395 7.737059e-09
0.42 8.191561e-09
0.445 8.745155e-09
0.47 9.201299e-09
0.5 9.70197e-09
0.525 1.017881e-08
0.55 1.067236e-08
0.575 1.106419e-08
0.6 1.162551e-08
0.63 1.220371e-08
0.655 1.260455e-08
0.68 1.314989e-08
0.705 1.363002e-08
0.73 1.401224e-08
0.76 1.45535e-08
0.785 1.507404e-08
0.81 1.54996e-08
0.835 1.596807e-08
0.86 1.648946e-08
0.89 1.708935e-08
0.915 1.748908e-08
0.94 1.79831e-08
0.965 1.845004e-08
0.99 1.889943e-08
1.02 1.937743e-08
1.045 1.995084e-08
1.07 2.040717e-08
1.095 2.082005e-08
1.12 2.131725e-08
1.15 2.187835e-08
1.175 2.22879e-08
1.175 2.232302e-08
1.15 2.186379e-08
1.12 2.121143e-08
1.095 2.079512e-08
1.07 2.0383e-08
1.045 1.983095e-08
1.02 1.933554e-08
0.99 1.884243e-08
0.965 1.825509e-08
0.94 1.777877e-08
0.915 1.73854e-08
0.89 1.69005e-08
0.86 1.626213e-08
0.835 1.58286e-08
0.81 1.531854e-08
0.785 1.483262e-08
0.76 1.440461e-08
0.73 1.383823e-08
0.705 1.334802e-08
0.68 1.291929e-08
0.655 1.241591e-08
0.63 1.19043e-08
0.6 1.138709e-08
0.575 1.087641e-08
0.55 1.038702e-08
0.525 9.978687e-09
0.5 9.448684e-09
0.47 8.908258e-09
0.445 8.502533e-09
0.42 8.006491e-09
0.395 7.50609e-09
0.37 7.013414e-09
0.34 6.469994e-09
0.315 6.080558e-09
0.29 5.584721e-09
0.265 5.000065e-09
0.24 4.612054e-09
0.21 4.068633e-09
0.185 3.567888e-09
0.16 3.139893e-09
0.135 2.69713e-09
0.11 2.128257e-09
0.08 1.612569e-09
0.055 1.129622e-09
0.03 6.811365e-10
0.005 2.569731e-10
-0.02 -4.703015e-10
-0.05 -1.035077e-09
-0.075 -1.507096e-09
-0.1 -1.991659e-09
