Thu May  7 08:27:26 2026
-0.1 -1.485085e-09
-0.075 -1.018199e-09
-0.05 -6.385121e-10
-0.02 -2.365626e-10
0.005 3.858627e-10
0.03 7.594889e-10
0.055 1.102815e-09
0.08 1.51814e-09
0.11 1.961491e-09
0.135 2.395083e-09
0.16 2.717875e-09
0.185 3.066629e-09
0.21 3.465165e-09
0.24 3.974918e-09
0.265 4.308355e-09
0.29 4.698014e-09
0.315 5.099579e-09
0.34 5.493238e-09
0.37 5.915549e-09
0.395 6.316733e-09
0.42 6.685775e-09
0.445 7.092176e-09
0.47 7.456878e-09
0.5 7.890345e-09
0.525 8.331131e-09
0.55 8.689349e-09
0.575 9.073159e-09
0.6 9.470781e-09
0.63 9.892822e-09
0.655 1.027372e-08
0.68 1.067348e-08
0.705 1.102368e-08
0.73 1.143282e-08
0.76 1.193971e-08
0.785 1.22784e-08
0.81 1.265476e-08
0.835 1.310749e-08
0.86 1.344544e-08
0.89 1.394202e-08
0.915 1.43154e-08
0.94 1.466565e-08
0.965 1.501995e-08
0.99 1.547921e-08
1.02 1.591211e-08
1.045 1.629945e-08
1.07 1.671032e-08
1.095 1.706358e-08
1.12 1.740239e-08
1.15 1.795023e-08
1.175 1.831612e-08
1.175 1.825849e-08
1.15 1.789962e-08
1.12 1.741683e-08
1.095 1.695847e-08
1.07 1.664834e-08
1.045 1.622889e-08
1.02 1.578153e-08
0.99 1.5394e-08
0.965 1.500963e-08
0.94 1.45773e-08
0.915 1.419396e-08
0.89 1.38901e-08
0.86 1.333995e-08
0.835 1.297282e-08
0.81 1.257318e-08
0.785 1.214911e-08
0.76 1.174984e-08
0.73 1.129093e-08
0.705 1.091006e-08
0.68 1.04894e-08
0.655 1.012284e-08
0.63 9.742481e-09
0.6 9.287003e-09
0.575 8.915583e-09
0.55 8.509302e-09
0.525 8.127337e-09
0.5 7.745851e-09
0.47 7.289496e-09
0.445 6.895794e-09
0.42 6.484214e-09
0.395 6.151191e-09
0.37 5.753157e-09
0.34 5.244631e-09
0.315 4.909214e-09
0.29 4.564709e-09
0.265 4.104688e-09
0.24 3.770626e-09
0.21 3.293104e-09
0.185 2.896291e-09
0.16 2.522878e-09
0.135 2.180852e-09
0.11 1.773186e-09
0.08 1.332823e-09
0.055 9.04788e-10
0.03 5.444608e-10
0.005 2.077395e-10
-0.02 -3.811229e-10
-0.05 -8.142571e-10
-0.075 -1.223109e-09
-0.1 -1.585332e-09
