Thu May  7 10:26:59 2026
-0.1 -1.183464e-09
-0.075 -9.028446e-10
-0.05 -5.618334e-10
-0.02 -2.410653e-10
0.005 1.760955e-10
0.03 4.675388e-10
0.055 7.233829e-10
0.08 1.034226e-09
0.11 1.339343e-09
0.135 1.634365e-09
0.16 1.926819e-09
0.185 2.208834e-09
0.21 2.459502e-09
0.24 2.836874e-09
0.265 3.102944e-09
0.29 3.388872e-09
0.315 3.645098e-09
0.34 3.94777e-09
0.37 4.297499e-09
0.395 4.559195e-09
0.42 4.813987e-09
0.445 5.142622e-09
0.47 5.396151e-09
0.5 5.705825e-09
0.525 6.024404e-09
0.55 6.299348e-09
0.575 6.555032e-09
0.6 6.865948e-09
0.63 7.194045e-09
0.655 7.438778e-09
0.68 7.755768e-09
0.705 8.015651e-09
0.73 8.273179e-09
0.76 8.643481e-09
0.785 8.898443e-09
0.81 9.174992e-09
0.835 9.485325e-09
0.86 9.778496e-09
0.89 1.010027e-08
0.915 1.036411e-08
0.94 1.066359e-08
0.965 1.0902e-08
0.99 1.120721e-08
1.02 1.153263e-08
1.045 1.182502e-08
1.07 1.207382e-08
1.095 1.237312e-08
1.12 1.263312e-08
1.15 1.298753e-08
1.175 1.326215e-08
1.175 1.323352e-08
1.15 1.291653e-08
1.12 1.260662e-08
1.095 1.230589e-08
1.07 1.202844e-08
1.045 1.177211e-08
1.02 1.141248e-08
0.99 1.111517e-08
0.965 1.082649e-08
0.94 1.054464e-08
0.915 1.024272e-08
0.89 1.000102e-08
0.86 9.630039e-09
0.835 9.348067e-09
0.81 9.057551e-09
0.785 8.809539e-09
0.76 8.51497e-09
0.73 8.168613e-09
0.705 7.920942e-09
0.68 7.620529e-09
0.655 7.275811e-09
0.63 7.043155e-09
0.6 6.704789e-09
0.575 6.418149e-09
0.55 6.141724e-09
0.525 5.855548e-09
0.5 5.574319e-09
0.47 5.301981e-09
0.445 4.984744e-09
0.42 4.643599e-09
0.395 4.410106e-09
0.37 4.167345e-09
0.34 3.78375e-09
0.315 3.496893e-09
0.29 3.26373e-09
0.265 2.9613e-09
0.24 2.657951e-09
0.21 2.3344e-09
0.185 2.065132e-09
0.16 1.782359e-09
0.135 1.4971e-09
0.11 1.210874e-09
0.08 9.091646e-10
0.055 5.92683e-10
0.03 3.14453e-10
0.005 4.577476e-11
-0.02 -3.63321e-10
-0.05 -6.351031e-10
-0.075 -9.926107e-10
-0.1 -1.214018e-09
