Wed May  6 18:56:52 2026
-0.1 -5.563561e-08
-0.075 -4.29146e-08
-0.05 -2.865284e-08
-0.02 -1.445767e-08
0.005 5.121717e-09
0.03 1.724141e-08
0.055 2.965024e-08
0.08 4.372178e-08
0.11 5.798057e-08
0.135 7.201801e-08
0.16 8.438037e-08
0.185 9.679723e-08
0.21 1.09117e-07
0.24 1.25044e-07
0.265 1.37372e-07
0.29 1.515008e-07
0.315 1.637529e-07
0.34 1.762473e-07
0.37 1.920572e-07
0.395 2.045131e-07
0.42 2.16868e-07
0.445 2.311104e-07
0.47 2.432998e-07
0.5 2.575521e-07
0.525 2.716783e-07
0.55 2.84027e-07
0.575 2.963906e-07
0.6 3.108393e-07
0.63 3.250509e-07
0.655 3.37396e-07
0.68 3.516439e-07
0.705 3.641543e-07
0.73 3.765134e-07
0.76 3.927333e-07
0.785 4.052245e-07
0.81 4.17545e-07
0.835 4.315005e-07
0.86 4.438932e-07
0.89 4.60267e-07
0.915 4.729501e-07
0.94 4.85218e-07
0.965 4.979946e-07
0.99 5.121342e-07
1.02 5.263985e-07
1.045 5.40915e-07
1.07 5.53507e-07
1.095 5.660104e-07
1.12 5.785952e-07
1.15 5.947969e-07
1.175 6.073151e-07
1.175 6.07364e-07
1.15 5.946256e-07
1.12 5.781381e-07
1.095 5.654827e-07
1.07 5.526808e-07
1.045 5.398656e-07
1.02 5.25318e-07
0.99 5.107384e-07
0.965 4.960913e-07
0.94 4.83771e-07
0.915 4.713369e-07
0.89 4.587984e-07
0.86 4.425045e-07
0.835 4.294517e-07
0.81 4.15281e-07
0.785 4.028117e-07
0.76 3.904835e-07
0.73 3.741707e-07
0.705 3.619252e-07
0.68 3.489723e-07
0.655 3.349093e-07
0.63 3.22417e-07
0.6 3.079831e-07
0.575 2.937199e-07
0.55 2.812591e-07
0.525 2.687422e-07
0.5 2.545225e-07
0.47 2.404414e-07
0.445 2.282027e-07
0.42 2.140522e-07
0.395 2.018144e-07
0.37 1.893339e-07
0.34 1.735803e-07
0.315 1.613111e-07
0.29 1.490335e-07
0.265 1.3506e-07
0.24 1.22726e-07
0.21 1.067914e-07
0.185 9.452618e-08
0.16 8.234611e-08
0.135 7.010706e-08
0.11 5.600767e-08
0.08 4.201047e-08
0.055 2.806544e-08
0.03 1.587315e-08
0.005 3.733695e-09
-0.02 -1.568691e-08
-0.05 -2.956286e-08
-0.075 -4.342064e-08
-0.1 -5.553326e-08
