Thu May  7 09:09:28 2026
-0.1 -1.373059e-09
-0.075 -9.890359e-10
-0.05 -6.269401e-10
-0.02 -2.68421e-10
0.005 2.248662e-10
0.03 5.377289e-10
0.055 8.871163e-10
0.08 1.236841e-09
0.11 1.619935e-09
0.135 2.000801e-09
0.16 2.317701e-09
0.185 2.637971e-09
0.21 2.948097e-09
0.24 3.379669e-09
0.265 3.688954e-09
0.29 4.051385e-09
0.315 4.384996e-09
0.34 4.700841e-09
0.37 5.12265e-09
0.395 5.448093e-09
0.42 5.751952e-09
0.445 6.143461e-09
0.47 6.461454e-09
0.5 6.809458e-09
0.525 7.191329e-09
0.55 7.503188e-09
0.575 7.803978e-09
0.6 8.192112e-09
0.63 8.560935e-09
0.655 8.884746e-09
0.68 9.248866e-09
0.705 9.562689e-09
0.73 9.867605e-09
0.76 1.029626e-08
0.785 1.060277e-08
0.81 1.092754e-08
0.835 1.130419e-08
0.86 1.162241e-08
0.89 1.202309e-08
0.915 1.23559e-08
0.94 1.268076e-08
0.965 1.297759e-08
0.99 1.335453e-08
1.02 1.372311e-08
1.045 1.408445e-08
1.07 1.440101e-08
1.095 1.471939e-08
1.12 1.504307e-08
1.15 1.546858e-08
1.175 1.578308e-08
1.175 1.57768e-08
1.15 1.54573e-08
1.12 1.500002e-08
1.095 1.469581e-08
1.07 1.435844e-08
1.045 1.402874e-08
1.02 1.365701e-08
0.99 1.329697e-08
0.965 1.289722e-08
0.94 1.25713e-08
0.915 1.2271e-08
0.89 1.193152e-08
0.86 1.150879e-08
0.835 1.119215e-08
0.81 1.081684e-08
0.785 1.049203e-08
0.76 1.017103e-08
0.73 9.737144e-09
0.705 9.440368e-09
0.68 9.109709e-09
0.655 8.748368e-09
0.63 8.417371e-09
0.6 8.059987e-09
0.575 7.695363e-09
0.55 7.370206e-09
0.525 7.017788e-09
0.5 6.669086e-09
0.47 6.293388e-09
0.445 5.966261e-09
0.42 5.607284e-09
0.395 5.295514e-09
0.37 4.963842e-09
0.34 4.550995e-09
0.315 4.234681e-09
0.29 3.901661e-09
0.265 3.52008e-09
0.24 3.217404e-09
0.21 2.817564e-09
0.185 2.49599e-09
0.16 2.155943e-09
0.135 1.83475e-09
0.11 1.479346e-09
0.08 1.124867e-09
0.055 7.457285e-10
0.03 4.135512e-10
0.005 1.061172e-10
-0.02 -4.067951e-10
-0.05 -7.792439e-10
-0.075 -1.126189e-09
-0.1 -1.452639e-09
