Thu May  7 09:47:08 2026
-0.1 -1.416697e-09
-0.075 -1.054433e-09
-0.05 -7.029016e-10
-0.02 -2.843289e-10
0.005 2.835251e-10
0.03 5.62219e-10
0.055 8.623303e-10
0.08 1.287168e-09
0.11 1.643119e-09
0.135 2.015944e-09
0.16 2.353805e-09
0.185 2.734751e-09
0.21 3.016387e-09
0.24 3.450694e-09
0.265 3.800163e-09
0.29 4.130571e-09
0.315 4.418862e-09
0.34 4.804773e-09
0.37 5.224938e-09
0.395 5.534603e-09
0.42 5.886222e-09
0.445 6.295782e-09
0.47 6.566814e-09
0.5 6.953192e-09
0.525 7.352361e-09
0.55 7.638247e-09
0.575 8.000094e-09
0.6 8.351585e-09
0.63 8.753486e-09
0.655 9.097356e-09
0.68 9.425789e-09
0.705 9.748379e-09
0.73 1.010875e-08
0.76 1.050236e-08
0.785 1.079074e-08
0.81 1.117715e-08
0.835 1.151126e-08
0.86 1.181709e-08
0.89 1.22915e-08
0.915 1.258542e-08
0.94 1.288579e-08
0.965 1.327171e-08
0.99 1.362665e-08
1.02 1.396588e-08
1.045 1.443171e-08
1.07 1.471937e-08
1.095 1.508396e-08
1.12 1.541078e-08
1.15 1.577781e-08
1.175 1.612969e-08
1.175 1.613627e-08
1.15 1.570962e-08
1.12 1.531396e-08
1.095 1.497176e-08
1.07 1.460544e-08
1.045 1.430896e-08
1.02 1.389735e-08
0.99 1.349961e-08
0.965 1.317517e-08
0.94 1.282343e-08
0.915 1.243815e-08
0.89 1.218895e-08
0.86 1.172321e-08
0.835 1.138853e-08
0.81 1.107128e-08
0.785 1.068368e-08
0.76 1.036589e-08
0.73 9.987095e-09
0.705 9.605944e-09
0.68 9.251887e-09
0.655 8.923482e-09
0.63 8.556135e-09
0.6 8.140809e-09
0.575 7.797056e-09
0.55 7.416871e-09
0.525 7.157156e-09
0.5 6.758448e-09
0.47 6.327804e-09
0.445 6.068509e-09
0.42 5.726193e-09
0.395 5.330059e-09
0.37 5.027376e-09
0.34 4.665656e-09
0.315 4.281427e-09
0.29 3.957502e-09
0.265 3.622165e-09
0.24 3.249257e-09
0.21 2.776831e-09
0.185 2.510041e-09
0.16 2.163813e-09
0.135 1.832351e-09
0.11 1.483384e-09
0.08 1.144013e-09
0.055 7.319682e-10
0.03 3.492958e-10
0.005 6.370086e-11
-0.02 -3.763257e-10
-0.05 -8.172454e-10
-0.075 -1.229842e-09
-0.1 -1.528095e-09
