Wed May  6 22:08:27 2026
-0.1 -1.102534e-08
-0.075 -8.241417e-09
-0.05 -5.181953e-09
-0.02 -2.15187e-09
0.005 2.032944e-09
0.03 4.605313e-09
0.055 7.259312e-09
0.08 1.02434e-08
0.11 1.324835e-08
0.135 1.625333e-08
0.16 1.882555e-08
0.185 2.142707e-08
0.21 2.406049e-08
0.24 2.743422e-08
0.265 3.000513e-08
0.29 3.301555e-08
0.315 3.560629e-08
0.34 3.817429e-08
0.37 4.150449e-08
0.395 4.4133e-08
0.42 4.668167e-08
0.445 4.965138e-08
0.47 5.224094e-08
0.5 5.526128e-08
0.525 5.820664e-08
0.55 6.079052e-08
0.575 6.337332e-08
0.6 6.636606e-08
0.63 6.925102e-08
0.655 7.187185e-08
0.68 7.48831e-08
0.705 7.747859e-08
0.73 8.00733e-08
0.76 8.343571e-08
0.785 8.600336e-08
0.81 8.857055e-08
0.835 9.146268e-08
0.86 9.409801e-08
0.89 9.743344e-08
0.915 1.000583e-07
0.94 1.025955e-07
0.965 1.052217e-07
0.99 1.081279e-07
1.02 1.111436e-07
1.045 1.141608e-07
1.07 1.168498e-07
1.095 1.192967e-07
1.12 1.218442e-07
1.15 1.251557e-07
1.175 1.277289e-07
1.175 1.276179e-07
1.15 1.248007e-07
1.12 1.213551e-07
1.095 1.18699e-07
1.07 1.159749e-07
1.045 1.13326e-07
1.02 1.102465e-07
0.99 1.071935e-07
0.965 1.041554e-07
0.94 1.014632e-07
0.915 9.880703e-08
0.89 9.614516e-08
0.86 9.272972e-08
0.835 9.017308e-08
0.81 8.714709e-08
0.785 8.452628e-08
0.76 8.19261e-08
0.73 7.845392e-08
0.705 7.583872e-08
0.68 7.326435e-08
0.655 7.026963e-08
0.63 6.761563e-08
0.6 6.458249e-08
0.575 6.162418e-08
0.55 5.899809e-08
0.525 5.64312e-08
0.5 5.345564e-08
0.47 5.041414e-08
0.445 4.780924e-08
0.42 4.485413e-08
0.395 4.227442e-08
0.37 3.961027e-08
0.34 3.630035e-08
0.315 3.37665e-08
0.29 3.112693e-08
0.265 2.814847e-08
0.24 2.557633e-08
0.21 2.222589e-08
0.185 1.963214e-08
0.16 1.706965e-08
0.135 1.449975e-08
0.11 1.150187e-08
0.08 8.513076e-09
0.055 5.563043e-09
0.03 3.015541e-09
0.005 3.984022e-10
-0.02 -3.718295e-09
-0.05 -6.641649e-09
-0.075 -9.582521e-09
-0.1 -1.220762e-08
