Thu May  7 09:49:19 2026
-0.1 -1.046228e-09
-0.075 -7.84756e-10
-0.05 -4.640718e-10
-0.02 -1.384216e-10
0.005 2.808313e-10
0.03 5.620501e-10
0.055 8.500851e-10
0.08 1.146453e-09
0.11 1.445301e-09
0.135 1.781475e-09
0.16 2.071068e-09
0.185 2.326871e-09
0.21 2.586544e-09
0.24 2.96324e-09
0.265 3.24328e-09
0.29 3.50998e-09
0.315 3.828649e-09
0.34 4.124431e-09
0.37 4.434431e-09
0.395 4.730885e-09
0.42 5.026197e-09
0.445 5.305561e-09
0.47 5.591663e-09
0.5 5.921778e-09
0.525 6.210906e-09
0.55 6.486194e-09
0.575 6.741158e-09
0.6 7.091512e-09
0.63 7.41783e-09
0.655 7.653433e-09
0.68 7.976317e-09
0.705 8.268092e-09
0.73 8.520662e-09
0.76 8.874303e-09
0.785 9.167557e-09
0.81 9.405048e-09
0.835 9.711513e-09
0.86 1.001163e-08
0.89 1.03497e-08
0.915 1.060309e-08
0.94 1.094164e-08
0.965 1.119339e-08
0.99 1.149236e-08
1.02 1.185379e-08
1.045 1.214873e-08
1.07 1.241809e-08
1.095 1.271587e-08
1.12 1.294374e-08
1.15 1.332515e-08
1.175 1.359819e-08
1.175 1.354097e-08
1.15 1.327936e-08
1.12 1.290325e-08
1.095 1.262162e-08
1.07 1.237511e-08
1.045 1.207683e-08
1.02 1.174717e-08
0.99 1.146333e-08
0.965 1.110001e-08
0.94 1.084291e-08
0.915 1.059809e-08
0.89 1.027067e-08
0.86 9.949393e-09
0.835 9.668625e-09
0.81 9.314323e-09
0.785 9.027167e-09
0.76 8.786189e-09
0.73 8.385413e-09
0.705 8.110886e-09
0.68 7.863081e-09
0.655 7.58166e-09
0.63 7.268325e-09
0.6 6.973644e-09
0.575 6.628552e-09
0.55 6.384186e-09
0.525 6.111222e-09
0.5 5.779807e-09
0.47 5.419726e-09
0.445 5.181258e-09
0.42 4.859358e-09
0.395 4.572663e-09
0.37 4.323682e-09
0.34 4.007616e-09
0.315 3.689536e-09
0.29 3.405796e-09
0.265 3.133242e-09
0.24 2.809021e-09
0.21 2.45639e-09
0.185 2.199283e-09
0.16 1.946134e-09
0.135 1.646527e-09
0.11 1.311446e-09
0.08 1.026356e-09
0.055 7.150518e-10
0.03 4.213778e-10
0.005 1.635979e-10
-0.02 -2.591623e-10
-0.05 -5.761009e-10
-0.075 -8.97122e-10
-0.1 -1.171682e-09
