Wed May  6 22:05:10 2026
-0.1 -3.685065e-08
-0.075 -2.795979e-08
-0.05 -1.788635e-08
-0.02 -7.837282e-09
0.005 5.881247e-09
0.03 1.44451e-08
0.055 2.342318e-08
0.08 3.347031e-08
0.11 4.34775e-08
0.135 5.354602e-08
0.16 6.226617e-08
0.185 7.108456e-08
0.21 7.985022e-08
0.24 9.114366e-08
0.265 9.991425e-08
0.29 1.099077e-07
0.315 1.186876e-07
0.34 1.274896e-07
0.37 1.387299e-07
0.395 1.474623e-07
0.42 1.561218e-07
0.445 1.662083e-07
0.47 1.749228e-07
0.5 1.849661e-07
0.525 1.949335e-07
0.55 2.03613e-07
0.575 2.123298e-07
0.6 2.223917e-07
0.63 2.323796e-07
0.655 2.410723e-07
0.68 2.511617e-07
0.705 2.59867e-07
0.73 2.686471e-07
0.76 2.799142e-07
0.785 2.887036e-07
0.81 2.972551e-07
0.835 3.072451e-07
0.86 3.159775e-07
0.89 3.273851e-07
0.915 3.360202e-07
0.94 3.446576e-07
0.965 3.533856e-07
0.99 3.633457e-07
1.02 3.734455e-07
1.045 3.83478e-07
1.07 3.921769e-07
1.095 4.009635e-07
1.12 4.097035e-07
1.15 4.209722e-07
1.175 4.296433e-07
1.175 4.295691e-07
1.15 4.20694e-07
1.12 4.092736e-07
1.095 4.004959e-07
1.07 3.916961e-07
1.045 3.828736e-07
1.02 3.725708e-07
0.99 3.626908e-07
0.965 3.524761e-07
0.94 3.43759e-07
0.915 3.349527e-07
0.89 3.262312e-07
0.86 3.148654e-07
0.835 3.060849e-07
0.81 2.961473e-07
0.785 2.873891e-07
0.76 2.785965e-07
0.73 2.672405e-07
0.705 2.585196e-07
0.68 2.497336e-07
0.655 2.397027e-07
0.63 2.309379e-07
0.6 2.208941e-07
0.575 2.109082e-07
0.55 2.020878e-07
0.525 1.931645e-07
0.5 1.833605e-07
0.47 1.733321e-07
0.445 1.646644e-07
0.42 1.546722e-07
0.395 1.458959e-07
0.37 1.372714e-07
0.34 1.259484e-07
0.315 1.172612e-07
0.29 1.084935e-07
0.265 9.865647e-08
0.24 8.981962e-08
0.21 7.854533e-08
0.185 6.979917e-08
0.16 6.109435e-08
0.135 5.236904e-08
0.11 4.235712e-08
0.08 3.241525e-08
0.055 2.246222e-08
0.03 1.36825e-08
0.005 5.065332e-09
-0.02 -8.585039e-09
-0.05 -1.857477e-08
-0.075 -2.862726e-08
-0.1 -3.723332e-08
