Wed May  6 21:32:59 2026
-0.1 -2.215706e-08
-0.075 -1.68565e-08
-0.05 -1.090326e-08
-0.02 -4.894266e-09
0.005 3.193878e-09
0.03 8.379235e-09
0.055 1.360438e-08
0.08 1.952918e-08
0.11 2.544417e-08
0.135 3.142646e-08
0.16 3.657007e-08
0.185 4.177371e-08
0.21 4.701716e-08
0.24 5.371623e-08
0.265 5.889439e-08
0.29 6.484171e-08
0.315 7.002486e-08
0.34 7.52669e-08
0.37 8.190507e-08
0.395 8.713378e-08
0.42 9.233158e-08
0.445 9.825418e-08
0.47 1.03478e-07
0.5 1.094227e-07
0.525 1.153431e-07
0.55 1.205937e-07
0.575 1.257768e-07
0.6 1.317653e-07
0.63 1.377087e-07
0.655 1.428368e-07
0.68 1.488526e-07
0.705 1.541038e-07
0.73 1.592321e-07
0.76 1.660181e-07
0.785 1.713214e-07
0.81 1.76452e-07
0.835 1.823998e-07
0.86 1.875691e-07
0.89 1.943685e-07
0.915 1.994679e-07
0.94 2.04821e-07
0.965 2.098861e-07
0.99 2.157933e-07
1.02 2.21777e-07
1.045 2.277648e-07
1.07 2.330689e-07
1.095 2.382558e-07
1.12 2.433173e-07
1.15 2.500691e-07
1.175 2.552341e-07
1.175 2.551618e-07
1.15 2.498797e-07
1.12 2.429801e-07
1.095 2.377151e-07
1.07 2.326638e-07
1.045 2.271021e-07
1.02 2.209876e-07
0.99 2.150207e-07
0.965 2.089788e-07
0.94 2.037009e-07
0.915 1.985138e-07
0.89 1.932427e-07
0.86 1.864967e-07
0.835 1.81285e-07
0.81 1.752715e-07
0.785 1.700803e-07
0.76 1.64888e-07
0.73 1.581479e-07
0.705 1.529032e-07
0.68 1.477107e-07
0.655 1.417479e-07
0.63 1.365078e-07
0.6 1.306183e-07
0.575 1.246341e-07
0.55 1.19439e-07
0.525 1.141693e-07
0.5 1.082602e-07
0.47 1.023069e-07
0.445 9.71427e-08
0.42 9.121491e-08
0.395 8.603057e-08
0.37 8.08441e-08
0.34 7.418655e-08
0.315 6.902049e-08
0.29 6.385986e-08
0.265 5.795188e-08
0.24 5.277765e-08
0.21 4.613354e-08
0.185 4.097829e-08
0.16 3.581266e-08
0.135 3.067072e-08
0.11 2.475315e-08
0.08 1.889058e-08
0.055 1.299361e-08
0.03 7.870991e-09
0.005 2.739041e-09
-0.02 -5.350008e-09
-0.05 -1.1216e-08
-0.075 -1.709568e-08
-0.1 -2.223061e-08
