Wed May  6 18:12:37 2026
-0.1 -1.090045e-07
-0.075 -8.203128e-08
-0.05 -5.203204e-08
-0.02 -2.125158e-08
0.005 2.075048e-08
0.03 4.707002e-08
0.055 7.342665e-08
0.08 1.033529e-07
0.11 1.333269e-07
0.135 1.639223e-07
0.16 1.90156e-07
0.185 2.165954e-07
0.21 2.431683e-07
0.24 2.766864e-07
0.265 3.032368e-07
0.29 3.334109e-07
0.315 3.59831e-07
0.34 3.861605e-07
0.37 4.197759e-07
0.395 4.460476e-07
0.42 4.725154e-07
0.445 5.025296e-07
0.47 5.289848e-07
0.5 5.590157e-07
0.525 5.889532e-07
0.55 6.15254e-07
0.575 6.414384e-07
0.6 6.715728e-07
0.63 7.015814e-07
0.655 7.277885e-07
0.68 7.576704e-07
0.705 7.838193e-07
0.73 8.099823e-07
0.76 8.443541e-07
0.785 8.705793e-07
0.81 8.966359e-07
0.835 9.268247e-07
0.86 9.531128e-07
0.89 9.84325e-07
0.915 1.010721e-06
0.94 1.036727e-06
0.965 1.06324e-06
0.99 1.092869e-06
1.02 1.122974e-06
1.045 1.153218e-06
1.07 1.179652e-06
1.095 1.205982e-06
1.12 1.23227e-06
1.15 1.26596e-06
1.175 1.292039e-06
1.175 1.292047e-06
1.15 1.265485e-06
1.12 1.23081e-06
1.095 1.204561e-06
1.07 1.178158e-06
1.045 1.151959e-06
1.02 1.12134e-06
0.99 1.091058e-06
0.965 1.061347e-06
0.94 1.035078e-06
0.915 1.008429e-06
0.89 9.845093e-07
0.86 9.500345e-07
0.835 9.236273e-07
0.81 8.937955e-07
0.785 8.676463e-07
0.76 8.411403e-07
0.73 8.07e-07
0.705 7.81075e-07
0.68 7.545418e-07
0.655 7.247849e-07
0.63 6.984467e-07
0.6 6.682308e-07
0.575 6.379886e-07
0.55 6.120009e-07
0.525 5.856487e-07
0.5 5.555916e-07
0.47 5.25542e-07
0.445 4.996191e-07
0.42 4.693815e-07
0.395 4.432779e-07
0.37 4.169143e-07
0.34 3.834577e-07
0.315 3.570049e-07
0.29 3.308714e-07
0.265 3.010303e-07
0.24 2.746419e-07
0.21 2.408531e-07
0.185 2.147274e-07
0.16 1.883279e-07
0.135 1.619082e-07
0.11 1.321458e-07
0.08 1.02023e-07
0.055 7.218598e-08
0.03 4.597827e-08
0.005 1.977756e-08
-0.02 -2.212875e-08
-0.05 -5.210397e-08
-0.075 -8.162493e-08
-0.1 -1.077325e-07
