Thu May  7 04:00:32 2026
-0.1 -2.446759e-09
-0.075 -1.632507e-09
-0.05 -7.639669e-10
-0.02 6.710931e-11
0.005 1.284726e-09
0.03 2.038543e-09
0.055 2.775522e-09
0.08 3.633317e-09
0.11 4.504789e-09
0.135 5.359555e-09
0.16 6.114335e-09
0.185 6.875013e-09
0.21 7.640276e-09
0.24 8.597712e-09
0.265 9.309529e-09
0.29 1.02054e-08
0.315 1.09514e-08
0.34 1.168897e-08
0.37 1.267112e-08
0.395 1.341357e-08
0.42 1.41885e-08
0.445 1.503656e-08
0.47 1.57865e-08
0.5 1.664737e-08
0.525 1.749482e-08
0.55 1.824597e-08
0.575 1.901685e-08
0.6 1.987229e-08
0.63 2.073346e-08
0.655 2.148882e-08
0.68 2.23446e-08
0.705 2.310096e-08
0.73 2.385654e-08
0.76 2.482738e-08
0.785 2.559713e-08
0.81 2.633312e-08
0.835 2.717093e-08
0.86 2.796204e-08
0.89 2.891495e-08
0.915 2.965367e-08
0.94 3.041146e-08
0.965 3.121091e-08
0.99 3.204737e-08
1.02 3.292092e-08
1.045 3.38424e-08
1.07 3.452304e-08
1.095 3.5274e-08
1.12 3.599987e-08
1.15 3.703871e-08
1.175 3.777515e-08
1.175 3.770199e-08
1.15 3.693144e-08
1.12 3.59267e-08
1.095 3.516577e-08
1.07 3.439442e-08
1.045 3.362539e-08
1.02 3.271233e-08
0.99 3.186365e-08
0.965 3.095284e-08
0.94 3.024112e-08
0.915 2.946037e-08
0.89 2.866922e-08
0.86 2.772447e-08
0.835 2.695095e-08
0.81 2.605174e-08
0.785 2.534507e-08
0.76 2.456825e-08
0.73 2.355467e-08
0.705 2.28401e-08
0.68 2.207162e-08
0.655 2.120013e-08
0.63 2.049762e-08
0.6 1.958052e-08
0.575 1.874014e-08
0.55 1.796533e-08
0.525 1.721286e-08
0.5 1.63851e-08
0.47 1.548822e-08
0.445 1.472019e-08
0.42 1.388236e-08
0.395 1.311469e-08
0.37 1.23395e-08
0.34 1.142269e-08
0.315 1.068024e-08
0.29 9.930457e-09
0.265 9.066656e-09
0.24 8.326084e-09
0.21 7.345844e-09
0.185 6.57247e-09
0.16 5.867382e-09
0.135 5.096013e-09
0.11 4.213097e-09
0.08 3.381894e-09
0.055 2.559911e-09
0.03 1.786065e-09
0.005 9.951771e-10
-0.02 -1.197782e-10
-0.05 -9.746431e-10
-0.075 -1.840364e-09
-0.1 -2.579496e-09
