Thu May  7 01:21:08 2026
-0.1 -6.169579e-09
-0.075 -4.499233e-09
-0.05 -2.688962e-09
-0.02 -8.667811e-10
0.005 1.552862e-09
0.03 3.07707e-09
0.055 4.615722e-09
0.08 6.389931e-09
0.11 8.157534e-09
0.135 9.911247e-09
0.16 1.143121e-08
0.185 1.308988e-08
0.21 1.45388e-08
0.24 1.652194e-08
0.265 1.804098e-08
0.29 1.982888e-08
0.315 2.136285e-08
0.34 2.290112e-08
0.37 2.49229e-08
0.395 2.64386e-08
0.42 2.79945e-08
0.445 2.974305e-08
0.47 3.128377e-08
0.5 3.303188e-08
0.525 3.480437e-08
0.55 3.634794e-08
0.575 3.787626e-08
0.6 3.967319e-08
0.63 4.144626e-08
0.655 4.29819e-08
0.68 4.478139e-08
0.705 4.63052e-08
0.73 4.786179e-08
0.76 4.984763e-08
0.785 5.141447e-08
0.81 5.300776e-08
0.835 5.47909e-08
0.86 5.629114e-08
0.89 5.831711e-08
0.915 5.98521e-08
0.94 6.139951e-08
0.965 6.293511e-08
0.99 6.473148e-08
1.02 6.646907e-08
1.045 6.824875e-08
1.07 6.979009e-08
1.095 7.133023e-08
1.12 7.287849e-08
1.15 7.48723e-08
1.175 7.638192e-08
1.175 7.628806e-08
1.15 7.460437e-08
1.12 7.250683e-08
1.095 7.087259e-08
1.07 6.923964e-08
1.045 6.765921e-08
1.02 6.58017e-08
0.99 6.396343e-08
0.965 6.2132e-08
0.94 6.054029e-08
0.915 5.89428e-08
0.89 5.737429e-08
0.86 5.536567e-08
0.835 5.380507e-08
0.81 5.195884e-08
0.785 5.041943e-08
0.76 4.884251e-08
0.73 4.67818e-08
0.705 4.526678e-08
0.68 4.367445e-08
0.655 4.189627e-08
0.63 4.03444e-08
0.6 3.853483e-08
0.575 3.677689e-08
0.55 3.519091e-08
0.525 3.367168e-08
0.5 3.19214e-08
0.47 3.012606e-08
0.445 2.857897e-08
0.42 2.68014e-08
0.395 2.52629e-08
0.37 2.368577e-08
0.34 2.176071e-08
0.315 2.022355e-08
0.29 1.86397e-08
0.265 1.69373e-08
0.24 1.541467e-08
0.21 1.340491e-08
0.185 1.187551e-08
0.16 1.038117e-08
0.135 8.83064e-09
0.11 7.056219e-09
0.08 5.320931e-09
0.055 3.609634e-09
0.03 2.10116e-09
0.005 5.623462e-10
-0.02 -1.795124e-09
-0.05 -3.507213e-09
-0.075 -5.225145e-09
-0.1 -6.791494e-09
