Wed May  6 18:52:29 2026
-0.1 -5.195531e-08
-0.075 -3.933677e-08
-0.05 -2.473642e-08
-0.02 -1.06375e-08
0.005 9.432178e-09
0.03 2.167578e-08
0.055 3.406846e-08
0.08 4.847606e-08
0.11 6.285489e-08
0.135 7.698281e-08
0.16 8.944268e-08
0.185 1.018594e-07
0.21 1.143882e-07
0.24 1.304302e-07
0.265 1.428128e-07
0.29 1.570411e-07
0.315 1.695033e-07
0.34 1.819666e-07
0.37 1.977272e-07
0.395 2.103293e-07
0.42 2.227261e-07
0.445 2.370348e-07
0.47 2.494685e-07
0.5 2.637301e-07
0.525 2.77912e-07
0.55 2.903667e-07
0.575 3.028096e-07
0.6 3.170321e-07
0.63 3.312259e-07
0.655 3.436325e-07
0.68 3.579273e-07
0.705 3.702302e-07
0.73 3.826449e-07
0.76 3.988173e-07
0.785 4.110717e-07
0.81 4.237185e-07
0.835 4.378902e-07
0.86 4.502893e-07
0.89 4.663483e-07
0.915 4.788434e-07
0.94 4.913625e-07
0.965 5.035869e-07
0.99 5.180379e-07
1.02 5.321452e-07
1.045 5.466668e-07
1.07 5.591821e-07
1.095 5.716303e-07
1.12 5.840241e-07
1.15 6.001501e-07
1.175 6.126713e-07
1.175 6.124208e-07
1.15 5.996069e-07
1.12 5.831354e-07
1.095 5.706543e-07
1.07 5.579915e-07
1.045 5.453068e-07
1.02 5.309475e-07
0.99 5.164226e-07
0.965 5.020768e-07
0.94 4.890454e-07
0.915 4.766479e-07
0.89 4.643089e-07
0.86 4.480077e-07
0.835 4.355493e-07
0.81 4.212517e-07
0.785 4.087267e-07
0.76 3.962721e-07
0.73 3.800615e-07
0.705 3.67798e-07
0.68 3.552666e-07
0.655 3.408238e-07
0.63 3.284534e-07
0.6 3.141182e-07
0.575 2.998904e-07
0.55 2.874265e-07
0.525 2.748733e-07
0.5 2.606369e-07
0.47 2.463307e-07
0.445 2.340255e-07
0.42 2.19775e-07
0.395 2.074021e-07
0.37 1.949507e-07
0.34 1.792402e-07
0.315 1.668738e-07
0.29 1.543492e-07
0.265 1.400628e-07
0.24 1.277833e-07
0.21 1.118484e-07
0.185 9.958973e-08
0.16 8.720249e-08
0.135 7.465947e-08
0.11 6.064303e-08
0.08 4.656456e-08
0.055 3.206576e-08
0.03 1.998565e-08
0.005 7.791871e-09
-0.02 -1.186852e-08
-0.05 -2.618744e-08
-0.075 -4.015446e-08
-0.1 -5.250933e-08
