Thu May  7 02:02:05 2026
-0.1 -3.50073e-09
-0.075 -2.504421e-09
-0.05 -1.509665e-09
-0.02 -4.721533e-10
0.005 9.271772e-10
0.03 1.776348e-09
0.055 2.627412e-09
0.08 3.676416e-09
0.11 4.673278e-09
0.135 5.662282e-09
0.16 6.585005e-09
0.185 7.494648e-09
0.21 8.324754e-09
0.24 9.466371e-09
0.265 1.040647e-08
0.29 1.134839e-08
0.315 1.222526e-08
0.34 1.315111e-08
0.37 1.422425e-08
0.395 1.511947e-08
0.42 1.602235e-08
0.445 1.695902e-08
0.47 1.788245e-08
0.5 1.889461e-08
0.525 1.987224e-08
0.55 2.075474e-08
0.575 2.160172e-08
0.6 2.26451e-08
0.63 2.363378e-08
0.655 2.44816e-08
0.68 2.555637e-08
0.705 2.638613e-08
0.73 2.728053e-08
0.76 2.84428e-08
0.785 2.923868e-08
0.81 3.014402e-08
0.835 3.113431e-08
0.86 3.196376e-08
0.89 3.317774e-08
0.915 3.402888e-08
0.94 3.492068e-08
0.965 3.58442e-08
0.99 3.676423e-08
1.02 3.778477e-08
1.045 3.876993e-08
1.07 3.960098e-08
1.095 4.057106e-08
1.12 4.139493e-08
1.15 4.253341e-08
1.175 4.342991e-08
1.175 4.333517e-08
1.15 4.244245e-08
1.12 4.130689e-08
1.095 4.036642e-08
1.07 3.949649e-08
1.045 3.856914e-08
1.02 3.754711e-08
0.99 3.652849e-08
0.965 3.546302e-08
0.94 3.459111e-08
0.915 3.367991e-08
0.89 3.277501e-08
0.86 3.165029e-08
0.835 3.074511e-08
0.81 2.971849e-08
0.785 2.888594e-08
0.76 2.798968e-08
0.73 2.682994e-08
0.705 2.596687e-08
0.68 2.505359e-08
0.655 2.406188e-08
0.63 2.315417e-08
0.6 2.210103e-08
0.575 2.111291e-08
0.55 2.022973e-08
0.525 1.938847e-08
0.5 1.836143e-08
0.47 1.732283e-08
0.445 1.648614e-08
0.42 1.546223e-08
0.395 1.454426e-08
0.37 1.37282e-08
0.34 1.256269e-08
0.315 1.169707e-08
0.29 1.082709e-08
0.265 9.818923e-09
0.24 8.919453e-09
0.21 7.815658e-09
0.185 6.923499e-09
0.16 6.042687e-09
0.135 5.208243e-09
0.11 4.205818e-09
0.08 3.179409e-09
0.055 2.221465e-09
0.03 1.362703e-09
0.005 4.704858e-10
-0.02 -9.261206e-10
-0.05 -1.877443e-09
-0.075 -2.849894e-09
-0.1 -3.735182e-09
