Thu May  7 09:42:45 2026
-0.1 -2.989899e-09
-0.075 -2.229643e-09
-0.05 -1.337453e-09
-0.02 -5.235372e-10
0.005 6.565608e-10
0.03 1.371409e-09
0.055 2.154301e-09
0.08 3.065157e-09
0.11 3.877795e-09
0.135 4.678025e-09
0.16 5.47274e-09
0.185 6.222975e-09
0.21 6.945823e-09
0.24 7.926228e-09
0.265 8.676603e-09
0.29 9.526862e-09
0.315 1.021978e-08
0.34 1.101672e-08
0.37 1.201992e-08
0.395 1.269265e-08
0.42 1.338796e-08
0.445 1.4298e-08
0.47 1.501017e-08
0.5 1.583451e-08
0.525 1.672203e-08
0.55 1.751454e-08
0.575 1.821048e-08
0.6 1.909582e-08
0.63 1.98816e-08
0.655 2.063555e-08
0.68 2.152143e-08
0.705 2.219091e-08
0.73 2.288237e-08
0.76 2.389029e-08
0.785 2.46379e-08
0.81 2.531915e-08
0.835 2.619864e-08
0.86 2.698079e-08
0.89 2.789024e-08
0.915 2.864042e-08
0.94 2.941631e-08
0.965 3.008139e-08
0.99 3.091466e-08
1.02 3.181938e-08
1.045 3.261409e-08
1.07 3.332858e-08
1.095 3.411512e-08
1.12 3.483602e-08
1.15 3.574737e-08
1.175 3.654501e-08
1.175 3.648973e-08
1.15 3.567879e-08
1.12 3.475284e-08
1.095 3.398222e-08
1.07 3.322111e-08
1.045 3.252421e-08
1.02 3.165914e-08
0.99 3.073974e-08
0.965 2.99097e-08
0.94 2.92318e-08
0.915 2.840803e-08
0.89 2.763385e-08
0.86 2.672387e-08
0.835 2.595365e-08
0.81 2.505718e-08
0.785 2.43787e-08
0.76 2.359771e-08
0.73 2.261995e-08
0.705 2.193366e-08
0.68 2.122403e-08
0.655 2.031401e-08
0.63 1.957928e-08
0.6 1.877133e-08
0.575 1.789642e-08
0.55 1.719486e-08
0.525 1.64074e-08
0.5 1.553915e-08
0.47 1.474246e-08
0.445 1.397117e-08
0.42 1.307788e-08
0.395 1.239589e-08
0.37 1.169186e-08
0.34 1.068527e-08
0.315 9.951948e-09
0.29 9.247152e-09
0.265 8.392945e-09
0.24 7.631971e-09
0.21 6.688169e-09
0.185 5.956536e-09
0.16 5.246773e-09
0.135 4.472388e-09
0.11 3.598896e-09
0.08 2.792903e-09
0.055 1.998353e-09
0.03 1.208267e-09
0.005 4.371992e-10
-0.02 -6.773562e-10
-0.05 -1.467114e-09
-0.075 -2.372394e-09
-0.1 -3.081392e-09
