Thu May  7 08:30:43 2026
-0.1 -1.542404e-09
-0.075 -1.15754e-09
-0.05 -7.345488e-10
-0.02 -3.234673e-10
0.005 2.499032e-10
0.03 5.887279e-10
0.055 9.41819e-10
0.08 1.368887e-09
0.11 1.794773e-09
0.135 2.180938e-09
0.16 2.533733e-09
0.185 2.912662e-09
0.21 3.249847e-09
0.24 3.726609e-09
0.265 4.070144e-09
0.29 4.521201e-09
0.315 4.846093e-09
0.34 5.202475e-09
0.37 5.677926e-09
0.395 6.00813e-09
0.42 6.349561e-09
0.445 6.790006e-09
0.47 7.165782e-09
0.5 7.546102e-09
0.525 7.975604e-09
0.55 8.347076e-09
0.575 8.667347e-09
0.6 9.095212e-09
0.63 9.466278e-09
0.655 9.840745e-09
0.68 1.0244e-08
0.705 1.054221e-08
0.73 1.096692e-08
0.76 1.142851e-08
0.785 1.171101e-08
0.81 1.215457e-08
0.835 1.253549e-08
0.86 1.289151e-08
0.89 1.340931e-08
0.915 1.369857e-08
0.94 1.406129e-08
0.965 1.444911e-08
0.99 1.4807e-08
1.02 1.523079e-08
1.045 1.566448e-08
1.07 1.592621e-08
1.095 1.634759e-08
1.12 1.668786e-08
1.15 1.710858e-08
1.175 1.753392e-08
1.175 1.745704e-08
1.15 1.707848e-08
1.12 1.669341e-08
1.095 1.626402e-08
1.07 1.590735e-08
1.045 1.558098e-08
1.02 1.503227e-08
0.99 1.471903e-08
0.965 1.428865e-08
0.94 1.385691e-08
0.915 1.362539e-08
0.89 1.320745e-08
0.86 1.274619e-08
0.835 1.247888e-08
0.81 1.191832e-08
0.785 1.16239e-08
0.76 1.125117e-08
0.73 1.069471e-08
0.705 1.048835e-08
0.68 1.007315e-08
0.655 9.677261e-09
0.63 9.38834e-09
0.6 8.837777e-09
0.575 8.451354e-09
0.55 8.032662e-09
0.525 7.781826e-09
0.5 7.372005e-09
0.47 6.851444e-09
0.445 6.599136e-09
0.42 6.233603e-09
0.395 5.792085e-09
0.37 5.487724e-09
0.34 5.078922e-09
0.315 4.616724e-09
0.29 4.322538e-09
0.265 3.928806e-09
0.24 3.497357e-09
0.21 3.081358e-09
0.185 2.814613e-09
0.16 2.363225e-09
0.135 2.000799e-09
0.11 1.660496e-09
0.08 1.199181e-09
0.055 7.056672e-10
0.03 4.375789e-10
0.005 1.541721e-10
-0.02 -4.878076e-10
-0.05 -8.49019e-10
-0.075 -1.203454e-09
-0.1 -1.598629e-09
