Thu May  7 10:23:42 2026
-0.1 -1.072654e-09
-0.075 -7.309697e-10
-0.05 -4.184093e-10
-0.02 -1.053852e-10
0.005 3.426876e-10
0.03 6.446514e-10
0.055 9.001584e-10
0.08 1.204478e-09
0.11 1.552517e-09
0.135 1.888859e-09
0.16 2.123452e-09
0.185 2.397644e-09
0.21 2.696998e-09
0.24 3.076136e-09
0.265 3.315359e-09
0.29 3.641306e-09
0.315 3.936239e-09
0.34 4.187831e-09
0.37 4.52544e-09
0.395 4.865945e-09
0.42 5.162949e-09
0.445 5.423589e-09
0.47 5.68902e-09
0.5 6.056215e-09
0.525 6.401058e-09
0.55 6.634263e-09
0.575 6.947249e-09
0.6 7.224723e-09
0.63 7.528153e-09
0.655 7.83774e-09
0.68 8.135543e-09
0.705 8.42201e-09
0.73 8.746652e-09
0.76 9.119066e-09
0.785 9.359869e-09
0.81 9.610758e-09
0.835 9.965336e-09
0.86 1.026737e-08
0.89 1.059011e-08
0.915 1.087618e-08
0.94 1.120301e-08
0.965 1.145035e-08
0.99 1.175465e-08
1.02 1.210817e-08
1.045 1.24242e-08
1.07 1.269181e-08
1.095 1.299262e-08
1.12 1.328072e-08
1.15 1.36047e-08
1.175 1.391419e-08
1.175 1.391225e-08
1.15 1.353505e-08
1.12 1.321627e-08
1.095 1.293098e-08
1.07 1.262428e-08
1.045 1.233736e-08
1.02 1.201169e-08
0.99 1.166814e-08
0.965 1.13388e-08
0.94 1.106545e-08
0.915 1.076941e-08
0.89 1.049903e-08
0.86 1.012829e-08
0.835 9.834821e-09
0.81 9.515357e-09
0.785 9.231336e-09
0.76 8.939829e-09
0.73 8.571387e-09
0.705 8.283691e-09
0.68 8.017084e-09
0.655 7.675223e-09
0.63 7.381761e-09
0.6 7.066083e-09
0.575 6.74072e-09
0.55 6.474691e-09
0.525 6.180308e-09
0.5 5.840594e-09
0.47 5.547007e-09
0.445 5.265707e-09
0.42 4.93963e-09
0.395 4.658079e-09
0.37 4.371846e-09
0.34 4.015013e-09
0.315 3.741749e-09
0.29 3.463268e-09
0.265 3.143417e-09
0.24 2.856481e-09
0.21 2.494722e-09
0.185 2.241781e-09
0.16 1.950506e-09
0.135 1.668698e-09
0.11 1.365853e-09
0.08 1.037464e-09
0.055 7.33145e-10
0.03 4.492757e-10
0.005 1.876674e-10
-0.02 -2.28861e-10
-0.05 -5.540055e-10
-0.075 -8.746064e-10
-0.1 -1.153077e-09
