Thu May  7 04:34:54 2026
-0.1 -3.033972e-09
-0.075 -2.222371e-09
-0.05 -1.378025e-09
-0.02 -5.261475e-10
0.005 6.304737e-10
0.03 1.343178e-09
0.055 2.064468e-09
0.08 2.899374e-09
0.11 3.728807e-09
0.135 4.54246e-09
0.16 5.285922e-09
0.185 6.010959e-09
0.21 6.749881e-09
0.24 7.676426e-09
0.265 8.401758e-09
0.29 9.247564e-09
0.315 9.951304e-09
0.34 1.068497e-08
0.37 1.164544e-08
0.395 1.238386e-08
0.42 1.308574e-08
0.445 1.392977e-08
0.47 1.467197e-08
0.5 1.550705e-08
0.525 1.632437e-08
0.55 1.705272e-08
0.575 1.777725e-08
0.6 1.863167e-08
0.63 1.948536e-08
0.655 2.019171e-08
0.68 2.103967e-08
0.705 2.177131e-08
0.73 2.251333e-08
0.76 2.345711e-08
0.785 2.416662e-08
0.81 2.491509e-08
0.835 2.577556e-08
0.86 2.65027e-08
0.89 2.745803e-08
0.915 2.816652e-08
0.94 2.894013e-08
0.965 2.967369e-08
0.99 3.053094e-08
1.02 3.135265e-08
1.045 3.221555e-08
1.07 3.29454e-08
1.095 3.369202e-08
1.12 3.443189e-08
1.15 3.538177e-08
1.175 3.612103e-08
1.175 3.609644e-08
1.15 3.529977e-08
1.12 3.431261e-08
1.095 3.35656e-08
1.07 3.280958e-08
1.045 3.205282e-08
1.02 3.118159e-08
0.99 3.030664e-08
0.965 2.946284e-08
0.94 2.871282e-08
0.915 2.797227e-08
0.89 2.720701e-08
0.86 2.624769e-08
0.835 2.552962e-08
0.81 2.46566e-08
0.785 2.393106e-08
0.76 2.316665e-08
0.73 2.221042e-08
0.705 2.148411e-08
0.68 2.071413e-08
0.655 1.9849e-08
0.63 1.912988e-08
0.6 1.826271e-08
0.575 1.744067e-08
0.55 1.671115e-08
0.525 1.596674e-08
0.5 1.512489e-08
0.47 1.42724e-08
0.445 1.354803e-08
0.42 1.269465e-08
0.395 1.196446e-08
0.37 1.123689e-08
0.34 1.02967e-08
0.315 9.554121e-09
0.29 8.850841e-09
0.265 8.002254e-09
0.24 7.252523e-09
0.21 6.319103e-09
0.185 5.601398e-09
0.16 4.862015e-09
0.135 4.117834e-09
0.11 3.305103e-09
0.08 2.489933e-09
0.055 1.64228e-09
0.03 9.107666e-10
0.005 2.089182e-10
-0.02 -9.177452e-10
-0.05 -1.750307e-09
-0.075 -2.588928e-09
-0.1 -3.258495e-09
