Wed May  6 20:11:06 2026
-0.1 -2.511972e-08
-0.075 -1.867239e-08
-0.05 -1.155915e-08
-0.02 -4.503721e-09
0.005 5.181882e-09
0.03 1.128764e-08
0.055 1.726085e-08
0.08 2.423258e-08
0.11 3.132999e-08
0.135 3.814698e-08
0.16 4.414644e-08
0.185 5.026772e-08
0.21 5.631988e-08
0.24 6.408975e-08
0.265 7.016789e-08
0.29 7.716345e-08
0.315 8.31638e-08
0.34 8.920826e-08
0.37 9.703573e-08
0.395 1.031183e-07
0.42 1.091353e-07
0.445 1.161553e-07
0.47 1.222082e-07
0.5 1.292701e-07
0.525 1.363091e-07
0.55 1.424053e-07
0.575 1.485424e-07
0.6 1.555381e-07
0.63 1.625571e-07
0.655 1.68634e-07
0.68 1.757419e-07
0.705 1.819411e-07
0.73 1.879899e-07
0.76 1.959177e-07
0.785 2.019624e-07
0.81 2.080296e-07
0.835 2.150256e-07
0.86 2.210927e-07
0.89 2.292115e-07
0.915 2.351521e-07
0.94 2.413868e-07
0.965 2.473973e-07
0.99 2.544167e-07
1.02 2.614245e-07
1.045 2.688149e-07
1.07 2.748462e-07
1.095 2.810095e-07
1.12 2.870291e-07
1.15 2.952335e-07
1.175 3.011565e-07
1.175 3.010552e-07
1.15 2.945476e-07
1.12 2.863675e-07
1.095 2.798021e-07
1.07 2.735164e-07
1.045 2.670135e-07
1.02 2.596319e-07
0.99 2.523558e-07
0.965 2.450559e-07
0.94 2.388208e-07
0.915 2.326301e-07
0.89 2.262873e-07
0.86 2.182284e-07
0.835 2.119848e-07
0.81 2.050103e-07
0.785 1.98511e-07
0.76 1.924277e-07
0.73 1.842549e-07
0.705 1.781386e-07
0.68 1.719256e-07
0.655 1.649085e-07
0.63 1.58822e-07
0.6 1.516407e-07
0.575 1.446051e-07
0.55 1.385626e-07
0.525 1.326467e-07
0.5 1.255109e-07
0.47 1.185628e-07
0.445 1.125533e-07
0.42 1.056388e-07
0.395 9.965306e-08
0.37 9.363971e-08
0.34 8.586069e-08
0.315 7.996238e-08
0.29 7.409609e-08
0.265 6.720467e-08
0.24 6.127488e-08
0.21 5.363003e-08
0.185 4.766907e-08
0.16 4.175055e-08
0.135 3.582108e-08
0.11 2.90509e-08
0.08 2.223034e-08
0.055 1.542145e-08
0.03 9.495763e-09
0.005 3.525887e-09
-0.02 -5.858165e-09
-0.05 -1.269343e-08
-0.075 -1.947352e-08
-0.1 -2.553833e-08
