Thu May  7 05:56:47 2026
-0.1 -1.868392e-09
-0.075 -1.292971e-09
-0.05 -6.371665e-10
-0.02 -1.157804e-10
0.005 7.162309e-10
0.03 1.274123e-09
0.055 1.742217e-09
0.08 2.290769e-09
0.11 2.927268e-09
0.135 3.562799e-09
0.16 4.025849e-09
0.185 4.517923e-09
0.21 5.112051e-09
0.24 5.738666e-09
0.265 6.190048e-09
0.29 6.87342e-09
0.315 7.32691e-09
0.34 7.793242e-09
0.37 8.534228e-09
0.395 9.086015e-09
0.42 9.547302e-09
0.445 1.016334e-08
0.47 1.072325e-08
0.5 1.12737e-08
0.525 1.184624e-08
0.55 1.240341e-08
0.575 1.288253e-08
0.6 1.349227e-08
0.63 1.40286e-08
0.655 1.459156e-08
0.68 1.51869e-08
0.705 1.565125e-08
0.73 1.622993e-08
0.76 1.68874e-08
0.785 1.737832e-08
0.81 1.795714e-08
0.835 1.848763e-08
0.86 1.904135e-08
0.89 1.974051e-08
0.915 2.019481e-08
0.94 2.071231e-08
0.965 2.128308e-08
0.99 2.183306e-08
1.02 2.244099e-08
1.045 2.302863e-08
1.07 2.353018e-08
1.095 2.405261e-08
1.12 2.455349e-08
1.15 2.5227e-08
1.175 2.577345e-08
1.175 2.572526e-08
1.15 2.516359e-08
1.12 2.455632e-08
1.095 2.397755e-08
1.07 2.345987e-08
1.045 2.288295e-08
1.02 2.225972e-08
0.99 2.171084e-08
0.965 2.110115e-08
0.94 2.054149e-08
0.915 2.007805e-08
0.89 1.954744e-08
0.86 1.885563e-08
0.835 1.835575e-08
0.81 1.773557e-08
0.785 1.720243e-08
0.76 1.674328e-08
0.73 1.604437e-08
0.705 1.548504e-08
0.68 1.502431e-08
0.655 1.439076e-08
0.63 1.386454e-08
0.6 1.331474e-08
0.575 1.268876e-08
0.55 1.219852e-08
0.525 1.166383e-08
0.5 1.106301e-08
0.47 1.050919e-08
0.445 9.958204e-09
0.42 9.388988e-09
0.395 8.897841e-09
0.37 8.332958e-09
0.34 7.675335e-09
0.315 7.173241e-09
0.29 6.65764e-09
0.265 6.030148e-09
0.24 5.535922e-09
0.21 4.878126e-09
0.185 4.364335e-09
0.16 3.841745e-09
0.135 3.342176e-09
0.11 2.730842e-09
0.08 2.123084e-09
0.055 1.571713e-09
0.03 1.09659e-09
0.005 5.530464e-10
-0.02 -2.529344e-10
-0.05 -8.527658e-10
-0.075 -1.416784e-09
-0.1 -1.927062e-09
