Thu May  7 07:08:50 2026
-0.1 -2.448363e-09
-0.075 -1.826983e-09
-0.05 -1.197185e-09
-0.02 -4.403791e-10
0.005 5.363403e-10
0.03 1.073446e-09
0.055 1.646321e-09
0.08 2.372909e-09
0.11 3.06045e-09
0.135 3.695903e-09
0.16 4.337823e-09
0.185 4.984798e-09
0.21 5.518116e-09
0.24 6.311951e-09
0.265 6.968896e-09
0.29 7.57767e-09
0.315 8.153619e-09
0.34 8.796601e-09
0.37 9.549102e-09
0.395 1.008214e-08
0.42 1.07405e-08
0.445 1.141714e-08
0.47 1.195985e-08
0.5 1.270596e-08
0.525 1.339398e-08
0.55 1.393188e-08
0.575 1.457654e-08
0.6 1.52787e-08
0.63 1.601355e-08
0.655 1.653707e-08
0.68 1.725871e-08
0.705 1.787901e-08
0.73 1.837474e-08
0.76 1.922722e-08
0.785 1.97963e-08
0.81 2.037085e-08
0.835 2.113003e-08
0.86 2.16984e-08
0.89 2.245137e-08
0.915 2.313134e-08
0.94 2.366943e-08
0.965 2.428845e-08
0.99 2.502816e-08
1.02 2.562324e-08
1.045 2.635565e-08
1.07 2.69473e-08
1.095 2.749555e-08
1.12 2.818745e-08
1.15 2.891458e-08
1.175 2.953045e-08
1.175 2.957779e-08
1.15 2.885079e-08
1.12 2.809201e-08
1.095 2.746385e-08
1.07 2.681363e-08
1.045 2.627829e-08
1.02 2.552485e-08
0.99 2.48699e-08
0.965 2.422105e-08
0.94 2.353653e-08
0.915 2.296217e-08
0.89 2.239908e-08
0.86 2.15116e-08
0.835 2.097394e-08
0.81 2.024395e-08
0.785 1.962386e-08
0.76 1.909489e-08
0.73 1.828084e-08
0.705 1.767285e-08
0.68 1.711894e-08
0.655 1.639411e-08
0.63 1.578282e-08
0.6 1.51666e-08
0.575 1.440743e-08
0.55 1.38469e-08
0.525 1.31651e-08
0.5 1.251676e-08
0.47 1.1818e-08
0.445 1.117759e-08
0.42 1.055152e-08
0.395 9.92704e-09
0.37 9.286179e-09
0.34 8.574228e-09
0.315 7.988612e-09
0.29 7.310916e-09
0.265 6.68738e-09
0.24 6.134243e-09
0.21 5.283638e-09
0.185 4.717629e-09
0.16 4.186288e-09
0.135 3.513479e-09
0.11 2.853165e-09
0.08 2.214479e-09
0.055 1.479262e-09
0.03 8.340127e-10
0.005 2.969905e-10
-0.02 -5.98364e-10
-0.05 -1.320452e-09
-0.075 -1.981728e-09
-0.1 -2.603445e-09
