Thu May  7 09:46:02 2026
-0.1 -1.778458e-09
-0.075 -1.317884e-09
-0.05 -7.067324e-10
-0.02 -1.045857e-10
0.005 6.046351e-10
0.03 1.038855e-09
0.055 1.534597e-09
0.08 2.092784e-09
0.11 2.618277e-09
0.135 3.145282e-09
0.16 3.624232e-09
0.185 4.120059e-09
0.21 4.548682e-09
0.24 5.175875e-09
0.265 5.628906e-09
0.29 6.173289e-09
0.315 6.618071e-09
0.34 7.088102e-09
0.37 7.701717e-09
0.395 8.179103e-09
0.42 8.636164e-09
0.445 9.165118e-09
0.47 9.625549e-09
0.5 1.01717e-08
0.525 1.070035e-08
0.55 1.11169e-08
0.575 1.162e-08
0.6 1.21442e-08
0.63 1.272695e-08
0.655 1.315767e-08
0.68 1.366099e-08
0.705 1.417474e-08
0.73 1.464767e-08
0.76 1.523961e-08
0.785 1.573383e-08
0.81 1.617178e-08
0.835 1.67143e-08
0.86 1.722009e-08
0.89 1.782062e-08
0.915 1.824343e-08
0.94 1.876426e-08
0.965 1.922135e-08
0.99 1.972849e-08
1.02 2.032097e-08
1.045 2.085405e-08
1.07 2.133227e-08
1.095 2.184107e-08
1.12 2.226614e-08
1.15 2.290187e-08
1.175 2.339008e-08
1.175 2.332535e-08
1.15 2.28065e-08
1.12 2.21734e-08
1.095 2.164763e-08
1.07 2.121348e-08
1.045 2.07071e-08
1.02 2.011963e-08
0.99 1.959885e-08
0.965 1.904172e-08
0.94 1.852795e-08
0.915 1.809172e-08
0.89 1.756695e-08
0.86 1.695225e-08
0.835 1.650624e-08
0.81 1.594057e-08
0.785 1.546506e-08
0.76 1.501818e-08
0.73 1.436201e-08
0.705 1.390388e-08
0.68 1.347748e-08
0.655 1.289834e-08
0.63 1.242194e-08
0.6 1.191768e-08
0.575 1.13373e-08
0.55 1.08241e-08
0.525 1.032715e-08
0.5 9.83035e-09
0.47 9.312811e-09
0.445 8.764927e-09
0.42 8.244117e-09
0.395 7.812968e-09
0.37 7.302536e-09
0.34 6.701345e-09
0.315 6.283364e-09
0.29 5.780896e-09
0.265 5.255868e-09
0.24 4.789242e-09
0.21 4.153676e-09
0.185 3.646828e-09
0.16 3.214709e-09
0.135 2.788824e-09
0.11 2.201978e-09
0.08 1.623973e-09
0.055 1.124614e-09
0.03 6.484818e-10
0.005 1.836699e-10
-0.02 -5.808141e-10
-0.05 -1.085284e-09
-0.075 -1.624721e-09
-0.1 -2.070358e-09
