Thu May  7 00:02:32 2026
-0.1 -1.129972e-08
-0.075 -8.537366e-09
-0.05 -5.494693e-09
-0.02 -2.480933e-09
0.005 1.659784e-09
0.03 4.403503e-09
0.055 6.956605e-09
0.08 9.903228e-09
0.11 1.302187e-08
0.135 1.602663e-08
0.16 1.861301e-08
0.185 2.13254e-08
0.21 2.394349e-08
0.24 2.72911e-08
0.265 2.99688e-08
0.29 3.300621e-08
0.315 3.562501e-08
0.34 3.825953e-08
0.37 4.167055e-08
0.395 4.426829e-08
0.42 4.691607e-08
0.445 4.994577e-08
0.47 5.258029e-08
0.5 5.560472e-08
0.525 5.861834e-08
0.55 6.114213e-08
0.575 6.386211e-08
0.6 6.682973e-08
0.63 6.998635e-08
0.655 7.259484e-08
0.68 7.549959e-08
0.705 7.826382e-08
0.73 8.074368e-08
0.76 8.416336e-08
0.785 8.685826e-08
0.81 8.937953e-08
0.835 9.246463e-08
0.86 9.515355e-08
0.89 9.847666e-08
0.915 1.009712e-07
0.94 1.037881e-07
0.965 1.063959e-07
0.99 1.09335e-07
1.02 1.124777e-07
1.045 1.154695e-07
1.07 1.181599e-07
1.095 1.207989e-07
1.12 1.233956e-07
1.15 1.267691e-07
1.175 1.294629e-07
1.175 1.292562e-07
1.15 1.266349e-07
1.12 1.231582e-07
1.095 1.204607e-07
1.07 1.178173e-07
1.045 1.150081e-07
1.02 1.119891e-07
0.99 1.088778e-07
0.965 1.057575e-07
0.94 1.031574e-07
0.915 1.004859e-07
0.89 9.774722e-08
0.86 9.441352e-08
0.835 9.174157e-08
0.81 8.860912e-08
0.785 8.604994e-08
0.76 8.337413e-08
0.73 7.986512e-08
0.705 7.729016e-08
0.68 7.468523e-08
0.655 7.15622e-08
0.63 6.898899e-08
0.6 6.593556e-08
0.575 6.294835e-08
0.55 6.033116e-08
0.525 5.766198e-08
0.5 5.471541e-08
0.47 5.161859e-08
0.445 4.900122e-08
0.42 4.604791e-08
0.395 4.335481e-08
0.37 4.069913e-08
0.34 3.738372e-08
0.315 3.47057e-08
0.29 3.206705e-08
0.265 2.915991e-08
0.24 2.644631e-08
0.21 2.309814e-08
0.185 2.050736e-08
0.16 1.78407e-08
0.135 1.521885e-08
0.11 1.22605e-08
0.08 9.204419e-09
0.055 6.154398e-09
0.03 3.596545e-09
0.005 1.003383e-09
-0.02 -3.111741e-09
-0.05 -6.130938e-09
-0.075 -9.063799e-09
-0.1 -1.169454e-08
