Wed May  6 22:46:07 2026
-0.1 -1.076926e-08
-0.075 -7.95712e-09
-0.05 -4.833552e-09
-0.02 -1.728004e-09
0.005 2.361212e-09
0.03 4.992882e-09
0.055 7.687501e-09
0.08 1.07494e-08
0.11 1.383686e-08
0.135 1.681626e-08
0.16 1.986891e-08
0.185 2.213043e-08
0.21 2.480385e-08
0.24 2.823402e-08
0.265 3.082778e-08
0.29 3.38507e-08
0.315 3.649929e-08
0.34 3.929057e-08
0.37 4.268346e-08
0.395 4.534605e-08
0.42 4.793207e-08
0.445 5.093418e-08
0.47 5.361622e-08
0.5 5.693788e-08
0.525 5.964948e-08
0.55 6.226623e-08
0.575 6.496183e-08
0.6 6.80033e-08
0.63 7.113339e-08
0.655 7.375493e-08
0.68 7.678407e-08
0.705 7.949755e-08
0.73 8.212636e-08
0.76 8.560379e-08
0.785 8.821277e-08
0.81 9.080284e-08
0.835 9.39967e-08
0.86 9.648453e-08
0.89 9.992064e-08
0.915 1.025746e-07
0.94 1.05184e-07
0.965 1.078018e-07
0.99 1.109004e-07
1.02 1.139546e-07
1.045 1.169377e-07
1.07 1.197042e-07
1.095 1.221681e-07
1.12 1.248756e-07
1.15 1.282305e-07
1.175 1.308391e-07
1.175 1.308589e-07
1.15 1.279565e-07
1.12 1.244216e-07
1.095 1.217208e-07
1.07 1.188398e-07
1.045 1.16017e-07
1.02 1.129553e-07
0.99 1.100504e-07
0.965 1.066818e-07
0.94 1.039608e-07
0.915 1.014678e-07
0.89 9.839208e-08
0.86 9.497833e-08
0.835 9.227904e-08
0.81 8.930614e-08
0.785 8.648119e-08
0.76 8.376179e-08
0.73 8.022938e-08
0.705 7.767729e-08
0.68 7.497374e-08
0.655 7.188194e-08
0.63 6.938389e-08
0.6 6.623144e-08
0.575 6.312519e-08
0.55 6.044127e-08
0.525 5.777115e-08
0.5 5.475787e-08
0.47 5.171044e-08
0.445 4.920235e-08
0.42 4.608322e-08
0.395 4.34289e-08
0.37 4.07653e-08
0.34 3.741155e-08
0.315 3.478957e-08
0.29 3.216336e-08
0.265 2.91888e-08
0.24 2.654084e-08
0.21 2.313362e-08
0.185 2.05548e-08
0.16 1.792693e-08
0.135 1.528723e-08
0.11 1.231644e-08
0.08 9.346877e-09
0.055 6.341498e-09
0.03 3.720098e-09
0.005 1.110604e-09
-0.02 -2.989198e-09
-0.05 -5.98478e-09
-0.075 -8.985162e-09
-0.1 -1.158398e-08
