Thu May  7 01:24:25 2026
-0.1 -3.995267e-09
-0.075 -2.975517e-09
-0.05 -1.692774e-09
-0.02 -4.60411e-10
0.005 1.152682e-09
0.03 2.170844e-09
0.055 3.228013e-09
0.08 4.461498e-09
0.11 5.673059e-09
0.135 6.860588e-09
0.16 7.897259e-09
0.185 8.964666e-09
0.21 1.002922e-08
0.24 1.136576e-08
0.265 1.243936e-08
0.29 1.367683e-08
0.315 1.46577e-08
0.34 1.567081e-08
0.37 1.707822e-08
0.395 1.8115e-08
0.42 1.915435e-08
0.445 2.036518e-08
0.47 2.144799e-08
0.5 2.261934e-08
0.525 2.382284e-08
0.55 2.489234e-08
0.575 2.591764e-08
0.6 2.715563e-08
0.63 2.833649e-08
0.655 2.937262e-08
0.68 3.061433e-08
0.705 3.162079e-08
0.73 3.265884e-08
0.76 3.405059e-08
0.785 3.509769e-08
0.81 3.611452e-08
0.835 3.73371e-08
0.86 3.841357e-08
0.89 3.975076e-08
0.915 4.077505e-08
0.94 4.188057e-08
0.965 4.289256e-08
0.99 4.409435e-08
1.02 4.534531e-08
1.045 4.653774e-08
1.07 4.753813e-08
1.095 4.865237e-08
1.12 4.967142e-08
1.15 5.102654e-08
1.175 5.212552e-08
1.175 5.204678e-08
1.15 5.094199e-08
1.12 4.959536e-08
1.095 4.851274e-08
1.07 4.741072e-08
1.045 4.637537e-08
1.02 4.513416e-08
0.99 4.386844e-08
0.965 4.267698e-08
0.94 4.158281e-08
0.915 4.048827e-08
0.89 3.949304e-08
0.86 3.810753e-08
0.835 3.700404e-08
0.81 3.580326e-08
0.785 3.475292e-08
0.76 3.368353e-08
0.73 3.233614e-08
0.705 3.125683e-08
0.68 3.018148e-08
0.655 2.900834e-08
0.63 2.794347e-08
0.6 2.669774e-08
0.575 2.549704e-08
0.55 2.445356e-08
0.525 2.341874e-08
0.5 2.221817e-08
0.47 2.098216e-08
0.445 1.995542e-08
0.42 1.876915e-08
0.395 1.769892e-08
0.37 1.663635e-08
0.34 1.530637e-08
0.315 1.42343e-08
0.29 1.317329e-08
0.265 1.200345e-08
0.24 1.092225e-08
0.21 9.575064e-09
0.185 8.546596e-09
0.16 7.527846e-09
0.135 6.456412e-09
0.11 5.212488e-09
0.08 4.058417e-09
0.055 2.897978e-09
0.03 1.812785e-09
0.005 7.530935e-10
-0.02 -8.424541e-10
-0.05 -2.019475e-09
-0.075 -3.243215e-09
-0.1 -4.265068e-09
