Thu May  7 07:47:35 2026
-0.1 -2.180873e-09
-0.075 -1.655824e-09
-0.05 -9.992627e-10
-0.02 -3.675724e-10
0.005 4.402725e-10
0.03 9.41442e-10
0.055 1.501143e-09
0.08 2.112184e-09
0.11 2.714639e-09
0.135 3.325216e-09
0.16 3.856051e-09
0.185 4.360546e-09
0.21 4.892898e-09
0.24 5.585156e-09
0.265 6.103947e-09
0.29 6.709524e-09
0.315 7.264214e-09
0.34 7.785679e-09
0.37 8.447871e-09
0.395 8.965871e-09
0.42 9.514469e-09
0.445 1.012867e-08
0.47 1.065272e-08
0.5 1.126132e-08
0.525 1.185409e-08
0.55 1.238469e-08
0.575 1.290858e-08
0.6 1.352138e-08
0.63 1.412295e-08
0.655 1.467016e-08
0.68 1.527808e-08
0.705 1.579571e-08
0.73 1.63228e-08
0.76 1.701424e-08
0.785 1.751896e-08
0.81 1.805681e-08
0.835 1.867423e-08
0.86 1.917573e-08
0.89 1.98632e-08
0.915 2.039375e-08
0.94 2.091452e-08
0.965 2.143097e-08
0.99 2.20466e-08
1.02 2.264425e-08
1.045 2.324441e-08
1.07 2.37948e-08
1.095 2.431055e-08
1.12 2.484053e-08
1.15 2.554032e-08
1.175 2.604141e-08
1.175 2.603323e-08
1.15 2.548131e-08
1.12 2.478066e-08
1.095 2.42406e-08
1.07 2.370797e-08
1.045 2.31652e-08
1.02 2.252385e-08
0.99 2.194045e-08
0.965 2.132096e-08
0.94 2.07716e-08
0.915 2.0256e-08
0.89 1.971997e-08
0.86 1.900665e-08
0.835 1.850437e-08
0.81 1.789177e-08
0.785 1.734828e-08
0.76 1.682026e-08
0.73 1.615722e-08
0.705 1.559907e-08
0.68 1.507674e-08
0.655 1.446859e-08
0.63 1.392916e-08
0.6 1.33157e-08
0.575 1.270807e-08
0.55 1.221358e-08
0.525 1.167363e-08
0.5 1.103501e-08
0.47 1.042739e-08
0.445 9.913084e-09
0.42 9.289252e-09
0.395 8.778029e-09
0.37 8.251916e-09
0.34 7.536427e-09
0.315 7.032654e-09
0.29 6.516321e-09
0.265 5.908484e-09
0.24 5.368522e-09
0.21 4.679841e-09
0.185 4.163403e-09
0.16 3.655245e-09
0.135 3.1133e-09
0.11 2.517578e-09
0.08 1.910916e-09
0.055 1.311573e-09
0.03 7.795599e-10
0.005 2.609709e-10
-0.02 -5.505982e-10
-0.05 -1.133682e-09
-0.075 -1.742013e-09
-0.1 -2.248668e-09
