Thu May  7 02:36:27 2026
-0.1 -1.260546e-08
-0.075 -9.471903e-09
-0.05 -5.938361e-09
-0.02 -2.427659e-09
0.005 2.296749e-09
0.03 5.347823e-09
0.055 8.462607e-09
0.08 1.192354e-08
0.11 1.539949e-08
0.135 1.891463e-08
0.16 2.196423e-08
0.185 2.500391e-08
0.21 2.807822e-08
0.24 3.208426e-08
0.265 3.507589e-08
0.29 3.856676e-08
0.315 4.164281e-08
0.34 4.467864e-08
0.37 4.859377e-08
0.395 5.165851e-08
0.42 5.472914e-08
0.445 5.818271e-08
0.47 6.12193e-08
0.5 6.468951e-08
0.525 6.820345e-08
0.55 7.123062e-08
0.575 7.426942e-08
0.6 7.777611e-08
0.63 8.127054e-08
0.655 8.429602e-08
0.68 8.778407e-08
0.705 9.081595e-08
0.73 9.386844e-08
0.76 9.777394e-08
0.785 1.008485e-07
0.81 1.038696e-07
0.835 1.073782e-07
0.86 1.104235e-07
0.89 1.143028e-07
0.915 1.173449e-07
0.94 1.204138e-07
0.965 1.234627e-07
0.99 1.269485e-07
1.02 1.304232e-07
1.045 1.339477e-07
1.07 1.370012e-07
1.095 1.400554e-07
1.12 1.43103e-07
1.15 1.469936e-07
1.175 1.500311e-07
1.175 1.500052e-07
1.15 1.468543e-07
1.12 1.429117e-07
1.095 1.398152e-07
1.07 1.367445e-07
1.045 1.336615e-07
1.02 1.301109e-07
0.99 1.265452e-07
0.965 1.230681e-07
0.94 1.19988e-07
0.915 1.169117e-07
0.89 1.138537e-07
0.86 1.098936e-07
0.835 1.06881e-07
0.81 1.033665e-07
0.785 1.003062e-07
0.76 9.71825e-08
0.73 9.327523e-08
0.705 9.019544e-08
0.68 8.711713e-08
0.655 8.363925e-08
0.63 8.058041e-08
0.6 7.709199e-08
0.575 7.358041e-08
0.55 7.054132e-08
0.525 6.745611e-08
0.5 6.395937e-08
0.47 6.048698e-08
0.445 5.741064e-08
0.42 5.392196e-08
0.395 5.089776e-08
0.37 4.78343e-08
0.34 4.390492e-08
0.315 4.088564e-08
0.29 3.785755e-08
0.265 3.4352e-08
0.24 3.129728e-08
0.21 2.738929e-08
0.185 2.435471e-08
0.16 2.126707e-08
0.135 1.825478e-08
0.11 1.480579e-08
0.08 1.128894e-08
0.055 7.817231e-09
0.03 4.786517e-09
0.005 1.781438e-09
-0.02 -2.946815e-09
-0.05 -6.416696e-09
-0.075 -9.862876e-09
-0.1 -1.29273e-08
