Thu May  7 02:41:55 2026
-0.1 -3.064104e-09
-0.075 -2.189164e-09
-0.05 -1.230138e-09
-0.02 -2.64844e-10
0.005 1.04298e-09
0.03 1.867826e-09
0.055 2.722675e-09
0.08 3.679187e-09
0.11 4.607719e-09
0.135 5.580138e-09
0.16 6.433214e-09
0.185 7.24548e-09
0.21 8.068391e-09
0.24 9.161957e-09
0.265 1.000735e-08
0.29 1.092555e-08
0.315 1.179191e-08
0.34 1.263529e-08
0.37 1.368657e-08
0.395 1.455153e-08
0.42 1.540766e-08
0.445 1.633013e-08
0.47 1.714645e-08
0.5 1.81107e-08
0.525 1.905684e-08
0.55 1.989973e-08
0.575 2.074185e-08
0.6 2.168867e-08
0.63 2.266279e-08
0.655 2.347775e-08
0.68 2.442762e-08
0.705 2.52916e-08
0.73 2.610965e-08
0.76 2.71772e-08
0.785 2.802915e-08
0.81 2.883774e-08
0.835 2.980634e-08
0.86 3.065245e-08
0.89 3.172205e-08
0.915 3.252025e-08
0.94 3.339394e-08
0.965 3.421838e-08
0.99 3.514507e-08
1.02 3.614423e-08
1.045 3.708736e-08
1.07 3.79437e-08
1.095 3.87635e-08
1.12 3.957866e-08
1.15 4.069734e-08
1.175 4.155476e-08
1.175 4.149723e-08
1.15 4.062536e-08
1.12 3.951548e-08
1.095 3.866786e-08
1.07 3.780844e-08
1.045 3.694303e-08
1.02 3.596649e-08
0.99 3.499991e-08
0.965 3.402931e-08
0.94 3.318343e-08
0.915 3.235131e-08
0.89 3.148272e-08
0.86 3.039191e-08
0.835 2.953419e-08
0.81 2.85842e-08
0.785 2.771669e-08
0.76 2.690285e-08
0.73 2.582046e-08
0.705 2.499405e-08
0.68 2.415341e-08
0.655 2.318023e-08
0.63 2.231534e-08
0.6 2.136654e-08
0.575 2.040579e-08
0.55 1.956115e-08
0.525 1.871127e-08
0.5 1.775301e-08
0.47 1.680406e-08
0.445 1.594798e-08
0.42 1.499854e-08
0.395 1.418796e-08
0.37 1.331682e-08
0.34 1.224897e-08
0.315 1.143659e-08
0.29 1.05898e-08
0.265 9.613651e-09
0.24 8.818918e-09
0.21 7.721924e-09
0.185 6.901351e-09
0.16 6.079237e-09
0.135 5.234586e-09
0.11 4.281009e-09
0.08 3.335396e-09
0.055 2.406487e-09
0.03 1.549407e-09
0.005 7.182502e-10
-0.02 -5.638121e-10
-0.05 -1.498595e-09
-0.075 -2.466412e-09
-0.1 -3.277682e-09
