Wed May  6 20:07:49 2026
-0.1 -1.117757e-07
-0.075 -8.523882e-08
-0.05 -5.315482e-08
-0.02 -2.217375e-08
0.005 2.031134e-08
0.03 4.719242e-08
0.055 7.430668e-08
0.08 1.051693e-07
0.11 1.359465e-07
0.135 1.667859e-07
0.16 1.939378e-07
0.185 2.208961e-07
0.21 2.479215e-07
0.24 2.826981e-07
0.265 3.097906e-07
0.29 3.408425e-07
0.315 3.677145e-07
0.34 3.947562e-07
0.37 4.294492e-07
0.395 4.565636e-07
0.42 4.835993e-07
0.445 5.146174e-07
0.47 5.421217e-07
0.5 5.724928e-07
0.525 6.034064e-07
0.55 6.304936e-07
0.575 6.57495e-07
0.6 6.88637e-07
0.63 7.198903e-07
0.655 7.469389e-07
0.68 7.777678e-07
0.705 8.051194e-07
0.73 8.319384e-07
0.76 8.668277e-07
0.785 8.936254e-07
0.81 9.205883e-07
0.835 9.514654e-07
0.86 9.786894e-07
0.89 1.010988e-06
0.915 1.037678e-06
0.94 1.065276e-06
0.965 1.091979e-06
0.99 1.123233e-06
1.02 1.153997e-06
1.045 1.18517e-06
1.07 1.211875e-06
1.095 1.238872e-06
1.12 1.266068e-06
1.15 1.300471e-06
1.175 1.327651e-06
1.175 1.327898e-06
1.15 1.300392e-06
1.12 1.265115e-06
1.095 1.238023e-06
1.07 1.21045e-06
1.045 1.183737e-06
1.02 1.152137e-06
0.99 1.120858e-06
0.965 1.089982e-06
0.94 1.062581e-06
0.915 1.035745e-06
0.89 1.008701e-06
0.86 9.766078e-07
0.835 9.491031e-07
0.81 9.179415e-07
0.785 8.908427e-07
0.76 8.636169e-07
0.73 8.286743e-07
0.705 8.015741e-07
0.68 7.745102e-07
0.655 7.436833e-07
0.63 7.167972e-07
0.6 6.856831e-07
0.575 6.545196e-07
0.55 6.275911e-07
0.525 6.00499e-07
0.5 5.695366e-07
0.47 5.387257e-07
0.445 5.115745e-07
0.42 4.80731e-07
0.395 4.538119e-07
0.37 4.266023e-07
0.34 3.918063e-07
0.315 3.649023e-07
0.29 3.379253e-07
0.265 3.070691e-07
0.24 2.800779e-07
0.21 2.452259e-07
0.185 2.182956e-07
0.16 1.91265e-07
0.135 1.644955e-07
0.11 1.33589e-07
0.08 1.027388e-07
0.055 7.19582e-08
0.03 4.49622e-08
0.005 1.805235e-08
-0.02 -2.442202e-08
-0.05 -5.519122e-08
-0.075 -8.59693e-08
-0.1 -1.130486e-07
