Wed May  6 18:57:57 2026
-0.1 -7.378498e-08
-0.075 -5.696856e-08
-0.05 -3.810988e-08
-0.02 -1.923916e-08
0.005 6.764841e-09
0.03 2.295594e-08
0.055 3.939e-08
0.08 5.820368e-08
0.11 7.702013e-08
0.135 9.575879e-08
0.16 1.12047e-07
0.185 1.286549e-07
0.21 1.449499e-07
0.24 1.662513e-07
0.265 1.828541e-07
0.29 2.014819e-07
0.315 2.181429e-07
0.34 2.34705e-07
0.37 2.561561e-07
0.395 2.728453e-07
0.42 2.892842e-07
0.445 3.084414e-07
0.47 3.252301e-07
0.5 3.442607e-07
0.525 3.632644e-07
0.55 3.804559e-07
0.575 3.967897e-07
0.6 4.160768e-07
0.63 4.355537e-07
0.655 4.525357e-07
0.68 4.721637e-07
0.705 4.888703e-07
0.73 5.05932e-07
0.76 5.27938e-07
0.785 5.448969e-07
0.81 5.618488e-07
0.835 5.811862e-07
0.86 5.981659e-07
0.89 6.200212e-07
0.915 6.376025e-07
0.94 6.544661e-07
0.965 6.720367e-07
0.99 6.909181e-07
1.02 7.10267e-07
1.045 7.299876e-07
1.07 7.467928e-07
1.095 7.643353e-07
1.12 7.811095e-07
1.15 8.025464e-07
1.175 8.198797e-07
1.175 8.197624e-07
1.15 8.025313e-07
1.12 7.810646e-07
1.095 7.631998e-07
1.07 7.455629e-07
1.045 7.287579e-07
1.02 7.091051e-07
0.99 6.899591e-07
0.965 6.699109e-07
0.94 6.529348e-07
0.915 6.357687e-07
0.89 6.182948e-07
0.86 5.961066e-07
0.835 5.788579e-07
0.81 5.595269e-07
0.785 5.42353e-07
0.76 5.257557e-07
0.73 5.040587e-07
0.705 4.869322e-07
0.68 4.700769e-07
0.655 4.502865e-07
0.63 4.3322e-07
0.6 4.141196e-07
0.575 3.946903e-07
0.55 3.780838e-07
0.525 3.611084e-07
0.5 3.422362e-07
0.47 3.229589e-07
0.445 3.061719e-07
0.42 2.871583e-07
0.395 2.703745e-07
0.37 2.537159e-07
0.34 2.32622e-07
0.315 2.161539e-07
0.29 1.995677e-07
0.265 1.807081e-07
0.24 1.642777e-07
0.21 1.429929e-07
0.185 1.266406e-07
0.16 1.102633e-07
0.135 9.383724e-08
0.11 7.51346e-08
0.08 5.651871e-08
0.055 3.808939e-08
0.03 2.160062e-08
0.005 5.271687e-09
-0.02 -2.044147e-08
-0.05 -3.882546e-08
-0.075 -5.725551e-08
-0.1 -7.324083e-08
