Thu May  7 07:07:44 2026
-0.1 -4.862337e-09
-0.075 -3.622608e-09
-0.05 -2.199515e-09
-0.02 -8.621509e-10
0.005 9.680363e-10
0.03 2.204593e-09
0.055 3.419766e-09
0.08 4.769682e-09
0.11 6.126216e-09
0.135 7.512401e-09
0.16 8.706533e-09
0.185 9.884191e-09
0.21 1.110988e-08
0.24 1.26638e-08
0.265 1.382206e-08
0.29 1.519365e-08
0.315 1.639852e-08
0.34 1.758014e-08
0.37 1.909457e-08
0.395 2.030134e-08
0.42 2.150245e-08
0.445 2.282925e-08
0.47 2.404035e-08
0.5 2.541208e-08
0.525 2.673521e-08
0.55 2.795409e-08
0.575 2.911846e-08
0.6 3.051071e-08
0.63 3.185433e-08
0.655 3.302951e-08
0.68 3.440342e-08
0.705 3.557803e-08
0.73 3.674451e-08
0.76 3.830113e-08
0.785 3.948722e-08
0.81 4.062081e-08
0.835 4.201652e-08
0.86 4.319466e-08
0.89 4.470759e-08
0.915 4.593157e-08
0.94 4.708865e-08
0.965 4.830079e-08
0.99 4.964829e-08
1.02 5.096896e-08
1.045 5.234623e-08
1.07 5.356404e-08
1.095 5.470746e-08
1.12 5.5909e-08
1.15 5.742976e-08
1.175 5.854841e-08
1.175 5.859989e-08
1.15 5.735109e-08
1.12 5.582595e-08
1.095 5.464814e-08
1.07 5.339321e-08
1.045 5.218925e-08
1.02 5.082285e-08
0.99 4.939951e-08
0.965 4.806837e-08
0.94 4.687494e-08
0.915 4.561745e-08
0.89 4.44632e-08
0.86 4.291543e-08
0.835 4.169049e-08
0.81 4.03758e-08
0.785 3.915701e-08
0.76 3.798139e-08
0.73 3.645179e-08
0.705 3.522064e-08
0.68 3.404381e-08
0.655 3.270845e-08
0.63 3.148303e-08
0.6 3.010685e-08
0.575 2.869493e-08
0.55 2.754978e-08
0.525 2.63407e-08
0.5 2.496024e-08
0.47 2.362953e-08
0.445 2.243939e-08
0.42 2.104464e-08
0.395 1.990403e-08
0.37 1.870464e-08
0.34 1.714978e-08
0.315 1.59878e-08
0.29 1.483498e-08
0.265 1.342265e-08
0.24 1.224784e-08
0.21 1.075733e-08
0.185 9.525619e-09
0.16 8.317047e-09
0.135 7.179093e-09
0.11 5.811195e-09
0.08 4.405945e-09
0.055 3.074883e-09
0.03 1.952534e-09
0.005 6.913204e-10
-0.02 -1.175515e-09
-0.05 -2.477358e-09
-0.075 -3.774951e-09
-0.1 -5.001428e-09
