Wed May  6 19:32:20 2026
-0.1 -3.387342e-08
-0.075 -2.500077e-08
-0.05 -1.513551e-08
-0.02 -5.829526e-09
0.005 7.493716e-09
0.03 1.561706e-08
0.055 2.409366e-08
0.08 3.353096e-08
0.11 4.295591e-08
0.135 5.251187e-08
0.16 6.068503e-08
0.185 6.91928e-08
0.21 7.733603e-08
0.24 8.816603e-08
0.265 9.635365e-08
0.29 1.059252e-07
0.315 1.141203e-07
0.34 1.224642e-07
0.37 1.330793e-07
0.395 1.414238e-07
0.42 1.498283e-07
0.445 1.594327e-07
0.47 1.676292e-07
0.5 1.774162e-07
0.525 1.869221e-07
0.55 1.951332e-07
0.575 2.036965e-07
0.6 2.133212e-07
0.63 2.227108e-07
0.655 2.311956e-07
0.68 2.407295e-07
0.705 2.49053e-07
0.73 2.581083e-07
0.76 2.686831e-07
0.785 2.771448e-07
0.81 2.857797e-07
0.835 2.952191e-07
0.86 3.033807e-07
0.89 3.145837e-07
0.915 3.230106e-07
0.94 3.314454e-07
0.965 3.400529e-07
0.99 3.497639e-07
1.02 3.60076e-07
1.045 3.693604e-07
1.07 3.777453e-07
1.095 3.863494e-07
1.12 3.949027e-07
1.15 4.06322e-07
1.175 4.148636e-07
1.175 4.147794e-07
1.15 4.061509e-07
1.12 3.947706e-07
1.095 3.856588e-07
1.07 3.770099e-07
1.045 3.682633e-07
1.02 3.579052e-07
0.99 3.482675e-07
0.965 3.383333e-07
0.94 3.301641e-07
0.915 3.216569e-07
0.89 3.127253e-07
0.86 3.018516e-07
0.835 2.930546e-07
0.81 2.83199e-07
0.785 2.74801e-07
0.76 2.664143e-07
0.73 2.55357e-07
0.705 2.469607e-07
0.68 2.384613e-07
0.655 2.286584e-07
0.63 2.202795e-07
0.6 2.105553e-07
0.575 2.008053e-07
0.55 1.927971e-07
0.525 1.849844e-07
0.5 1.745144e-07
0.47 1.65083e-07
0.445 1.567729e-07
0.42 1.471404e-07
0.395 1.388591e-07
0.37 1.304947e-07
0.34 1.199628e-07
0.315 1.115754e-07
0.29 1.033361e-07
0.265 9.394383e-08
0.24 8.600987e-08
0.21 7.549856e-08
0.185 6.71503e-08
0.16 5.88548e-08
0.135 5.062369e-08
0.11 4.116778e-08
0.08 3.184674e-08
0.055 2.238871e-08
0.03 1.416772e-08
0.005 6.02312e-09
-0.02 -7.341662e-09
-0.05 -1.664833e-08
-0.075 -2.611273e-08
-0.1 -3.380107e-08
