Thu May  7 05:13:39 2026
-0.1 -2.76395e-09
-0.075 -2.035086e-09
-0.05 -1.242636e-09
-0.02 -4.547287e-10
0.005 5.945356e-10
0.03 1.225815e-09
0.055 1.871316e-09
0.08 2.649702e-09
0.11 3.422628e-09
0.135 4.16087e-09
0.16 4.810921e-09
0.185 5.498752e-09
0.21 6.143281e-09
0.24 6.972796e-09
0.265 7.648602e-09
0.29 8.407966e-09
0.315 9.056376e-09
0.34 9.710338e-09
0.37 1.057422e-08
0.395 1.124901e-08
0.42 1.186838e-08
0.445 1.265317e-08
0.47 1.331008e-08
0.5 1.406308e-08
0.525 1.483597e-08
0.55 1.549023e-08
0.575 1.616258e-08
0.6 1.693705e-08
0.63 1.76941e-08
0.655 1.835067e-08
0.68 1.914223e-08
0.705 1.979452e-08
0.73 2.044642e-08
0.76 2.130083e-08
0.785 2.197658e-08
0.81 2.263238e-08
0.835 2.337599e-08
0.86 2.407869e-08
0.89 2.496749e-08
0.915 2.559037e-08
0.94 2.626937e-08
0.965 2.694402e-08
0.99 2.770624e-08
1.02 2.848279e-08
1.045 2.924104e-08
1.07 2.990363e-08
1.095 3.059311e-08
1.12 3.125738e-08
1.15 3.210241e-08
1.175 3.279295e-08
1.175 3.27749e-08
1.15 3.202201e-08
1.12 3.116623e-08
1.095 3.045717e-08
1.07 2.975413e-08
1.045 2.909069e-08
1.02 2.828478e-08
0.99 2.75088e-08
0.965 2.67443e-08
0.94 2.607392e-08
0.915 2.537822e-08
0.89 2.469493e-08
0.86 2.382083e-08
0.835 2.313538e-08
0.81 2.237127e-08
0.785 2.169576e-08
0.76 2.101321e-08
0.73 2.014562e-08
0.705 1.946604e-08
0.68 1.880577e-08
0.655 1.803598e-08
0.63 1.735793e-08
0.6 1.657693e-08
0.575 1.581591e-08
0.55 1.512762e-08
0.525 1.449791e-08
0.5 1.373462e-08
0.47 1.293657e-08
0.445 1.227491e-08
0.42 1.153102e-08
0.395 1.085553e-08
0.37 1.018225e-08
0.34 9.344568e-09
0.315 8.662344e-09
0.29 7.985696e-09
0.265 7.259191e-09
0.24 6.60763e-09
0.21 5.737466e-09
0.185 5.049805e-09
0.16 4.422644e-09
0.135 3.799653e-09
0.11 2.984996e-09
0.08 2.258827e-09
0.055 1.499581e-09
0.03 8.456666e-10
0.005 1.899818e-10
-0.02 -8.876521e-10
-0.05 -1.602627e-09
-0.075 -2.297022e-09
-0.1 -2.950887e-09
