voltage	series1	series2	series3	series4	series5	series6	series7	
-0.1	-0.03500609	-0.9046184	-0.5711816	-0.05814017	-0.04218645	-0.05724107	-0.06544674
-0.07	-0.0302858	-0.6215624	-0.3979237	-0.04747223	-0.03600147	-0.04678444	-0.05451791
-0.04	-0.02743693	-0.3477608	-0.2258228	-0.03696312	-0.03100588	-0.0369091	-0.04383774
-0.01	-0.02467006	-0.07883217	-0.05647088	-0.02699473	-0.02644683	-0.02809085	-0.03438003
0.02	-0.02226152	0.2152423	0.150381	-0.01636597	-0.02197321	-0.01889053	-0.02432408
0.05	-0.0201892	0.501689	0.3540248	-0.00819138	-0.01843413	-0.01176155	-0.01654477
0.08	-0.01766653	0.7889044	0.5587791	0.001844541	-0.01421881	-0.003668439	-0.007874358
0.11	-0.01448688	1.073504	0.764996	0.01362283	-0.009427161	0.00627731	0.002940722
0.14	-0.01077131	1.359871	0.9705913	0.02668724	-0.003504305	0.01693446	0.01475653
0.17	-0.006623071	1.641744	1.271429	0.04180574	0.00292323	0.02911145	0.02797205
0.2	-0.001344578	1.92437	1.48362	0.05902195	0.01024849	0.0427667	0.04273932
0.23	0.004498831	2.205384	1.694084	0.07851825	0.01833791	0.05770595	0.05915281
0.26	0.01125178	2.485866	1.888434	0.1002432	0.02716179	0.07418313	0.07731366
0.29	0.01839295	2.747592	2.080975	0.121667	0.03754317	0.09226198	0.09721339
0.32	0.02639401	3.024887	2.190674	0.1500525	0.04887487	0.1114393	0.1172177
0.35	0.03529533	3.298542	2.26549	0.1794145	0.06122767	0.1330269	0.1415486
0.38	0.04476086	3.576594	2.002268	0.2108776	0.07462048	0.1557382	0.1664876
0.41	0.05496098	3.811872	2.032038	0.2442983	0.08900052	0.1797595	0.1928249
0.44	0.06574752	4.048781	1.941864	0.2797942	0.1043771	0.2049155	0.2204683
0.47	0.0772229	4.16479	1.661946	0.31733	0.1184856	0.2312087	0.2492723
0.5	0.08920515	3.68982	1.32592	0.3562965	0.13674	0.2584753	0.2790139
0.53	0.1015245	3.251411	1.320665	0.3965426	0.1547664	0.286523	0.309812
0.56	0.1133537	2.984527	1.361722	0.4378101	0.1729541	0.3150413	0.3405283
0.59	0.1261342	2.810329	1.537294	0.4797691	0.191257	0.3436813	0.3717642
0.62	0.1382619	2.392329	1.670866	0.5217588	0.2096977	0.3723592	0.4030139
0.65	0.1499634	2.051131	1.627875	0.5639343	0.2281614	0.4008948	0.4340252
0.68	0.1618553	1.805617	1.599735	0.6060445	0.2467222	0.4297159	0.4657442
0.71	0.1743362	1.747568	1.618549	0.6487357	0.2660524	0.4586068	0.4971002
0.74	0.188474	1.596308	1.605634	0.6925479	0.2862354	0.4887134	0.5296891
0.77	0.2051117	1.521353	1.626185	0.7385095	0.3083707	0.5209096	0.5653524
0.8	0.2245511	1.556272	1.531112	0.7897043	0.3336389	0.5569468	0.6064532
0.83	0.2468632	1.605807	1.734368	0.8488743	0.3648054	0.6035141	0.660142
0.86	0.2746267	1.620575	1.674621	0.9198044	0.4047781	0.66647	0.7348455
0.89	0.3149404	1.658396	1.644346	1.008641	0.4584839	0.7482909	0.8290894
0.92	0.3751113	1.754424	1.685109	1.098715	0.5261133	0.8464622	0.9286707
0.95	0.4610214	1.727351	1.742788	1.22049	0.6089949	0.9535041	1.023485
0.98	0.5726147	1.814377	1.879126	1.337341	0.7046476	1.059368	1.096339
1.01	0.7083414	1.903028	1.909936	1.451115	0.8093712	1.154376	1.180369
1.04	0.8663224	2.06441	2.078001	1.563104	0.9195894	1.239713	1.252483
1.07	1.045635	2.146114	2.152845	1.672741	1.029529	1.315782	1.318678
1.1	1.217371	2.224299	2.186529	1.777157	1.123861	1.386824	1.38104
1.13	1.441794	2.374375	2.286642	1.872369	1.235131	1.454575	1.440621
1.1	1.338926	2.166993	2.114756	1.753564	1.155229	1.371484	1.359703
1.07	1.217901	2.000671	1.938302	1.640618	1.070608	1.290061	1.282729
1.04	1.087813	1.844158	1.798139	1.534768	0.9858444	1.212181	1.208437
1.01	0.958799	1.703901	1.672599	1.435375	0.9054716	1.137781	1.137391
0.98	0.8341802	1.595118	1.565061	1.341596	0.8287221	1.068123	1.069074
0.95	0.7171417	1.473904	1.438912	1.253223	0.7555595	1.001254	1.003669
0.92	0.6093343	1.384437	1.350946	1.170774	0.6879034	0.9385161	0.9416476
0.89	0.512206	1.301581	1.260935	1.094246	0.6254223	0.8800941	0.8835317
0.86	0.4270811	1.214521	1.182709	1.023512	0.569005	0.8250995	0.8287717
0.83	0.3592298	1.139711	1.117809	0.9586815	0.5201007	0.7747759	0.7778244
0.8	0.3102377	1.09187	1.038137	0.8995915	0.4779963	0.7271645	0.730598
0.77	0.2762307	1.018063	0.9754144	0.8441364	0.4407807	0.6823395	0.6860733
0.74	0.2509008	0.9432461	0.9139435	0.7917135	0.4076556	0.6399009	0.643942
0.71	0.2300258	0.890162	0.8581495	0.741556	0.3771044	0.5992129	0.6035969
0.68	0.2113982	0.8314293	0.8158351	0.6934885	0.3485939	0.5598902	0.5652281
0.65	0.1940979	0.7734569	0.7597503	0.6475071	0.3217495	0.5222287	0.5278228
0.62	0.1778917	0.7299555	0.712554	0.6027402	0.2964968	0.4861591	0.4919678
0.59	0.1626988	0.6851784	0.6702618	0.5591675	0.2722284	0.4509943	0.4571043
0.56	0.1480464	0.6288814	0.6196361	0.516956	0.2489675	0.4169318	0.4229944
0.53	0.1340569	0.5883342	0.5683075	0.4754557	0.2266453	0.3838604	0.3900154
0.5	0.1205332	0.5316277	0.5275666	0.4352418	0.2052123	0.351699	0.3577505
0.47	0.1074484	0.498086	0.4868281	0.3960011	0.184501	0.3204175	0.3265621
0.44	0.0950005	0.4566725	0.4475926	0.3580986	0.1647745	0.2902199	0.2961967
0.41	0.0828806	0.4132419	0.4060173	0.3213105	0.1459035	0.2610413	0.266945
0.38	0.07127153	0.3739441	0.3680084	0.2859547	0.1279363	0.2330429	0.2385199
0.35	0.0602236	0.3400227	0.331258	0.2518319	0.110805	0.205955	0.2111495
0.32	0.04975958	0.2978916	0.2918844	0.2191981	0.09456498	0.1801086	0.1848377
0.29	0.03971544	0.2592293	0.2475916	0.1881619	0.07932787	0.2432461	0.1596452
0.26	0.03032658	0.2213469	0.2146033	0.1588361	0.0651769	0.1566315	0.1356775
0.23	0.02153051	0.1915442	0.1815759	0.1312644	0.05200633	0.1099465	0.1129537
0.2	0.01334915	0.1555015	0.1515756	0.1056035	0.03981798	0.08920553	0.09159308
0.17	0.00594274	0.1253928	0.1221173	0.08207912	0.02873567	0.06973335	0.07146454
0.14	-0.0008460399	0.0948672	0.09308609	0.06045311	0.01863109	0.05166918	0.05278282
0.11	-0.007871909	0.07167453	0.06584791	0.04085948	0.009637231	0.03494323	0.03541438
0.08	-0.01319179	0.04412181	0.03994784	0.02306904	0.001321332	0.01943639	0.01917815
0.05	-0.01762482	0.019652	0.01716879	0.007503089	-0.005936265	0.005408049	0.004602349
0.02	-0.02209749	-0.003426845	-0.004885096	-0.00667487	-0.01277827	-0.007594017	-0.009113804
-0.01	-0.02615042	-0.05860607	-0.04914053	-0.01984604	-0.01836914	-0.01986546	-0.02206108
-0.04	-0.029843	-0.2315243	-0.1306011	-0.03049761	-0.02351325	-0.0302606	-0.0332726
-0.07	-0.03396475	-0.4106628	-0.2245147	-0.04353163	-0.02983793	-0.04209205	-0.04604178
-0.1	-0.04225803	-0.5883734	-0.3214345	-0.06711284	-0.04186591	-0.06262707	-0.06869248
